                  60                  60                   1                   1
               27.00                 0.00
Sea	floor																																																											            
 1370.10    0.00    0.00    0.00    0.00    0.00    0.00    0.00    0.00    0.00    0.00    0.00    0.00    0.00    0.00    0.00    0.00    0.00    0.00    0.00    0.00    0.00    0.00    0.00    0.00    0.00    0.00    0.00    0.00    0.00    0.00    0.00    0.00    0.00    0.00    0.00    0.00    0.00    0.00    0.00    0.00    0.00    0.00    0.00    0.00    0.00    0.00    0.00    0.00    0.00    0.00    0.00    0.00    0.00    0.00    0.00    0.00    0.00    0.00    0.00
 1370.90  947.63  727.49  590.26  496.77  426.87  370.11  321.00  276.74  236.14  198.90  165.19  135.37  109.73   88.39   71.22   57.89   47.91   40.70   35.69   32.32   30.13   28.76   27.94   27.45   27.18   27.03   26.95   26.91   26.89   26.88   26.88   26.87   26.87   26.87   26.87   26.87   26.87   26.87   26.87   26.87   26.87   26.87   26.87   26.87   26.87   26.87   26.87   26.87   26.87   26.87   26.87   26.87   26.87   26.87   26.87   26.87   26.87   26.87   26.87
 1371.69 1230.47 1088.36  963.12  855.18  760.28  674.18  593.89  517.87  445.81  378.25  316.19  260.70  212.59  172.27  139.64  114.17   95.00   81.09   71.34   64.76   60.47   57.77   56.12   55.16   54.61   54.30   54.14   54.06   54.02   54.00   53.99   53.98   53.98   53.98   53.98   53.98   53.98   53.98   53.98   53.98   53.98   53.98   53.98   53.98   53.98   53.98   53.98   53.98   53.98   53.98   53.98   53.98   53.98   53.98   53.98   53.98   53.98   53.98   53.98
 1372.48 1317.28 1242.83 1158.93 1071.06  981.22  889.96  797.67  705.21  614.09  526.32  444.13  369.56  304.15  248.76  203.54  167.93  140.89  121.09  107.11   97.57   91.30   87.30   84.85   83.39   82.55   82.08   81.83   81.69   81.63   81.59   81.58   81.57   81.57   81.57   81.56   81.56   81.56   81.56   81.56   81.56   81.56   81.56   81.56   81.56   81.56   81.56   81.56   81.56   81.56   81.56   81.56   81.56   81.56   81.56   81.56   81.56   81.56   81.56   81.56
 1373.27 1343.95 1300.15 1243.02 1174.63 1096.64 1010.48  917.84  820.89  722.33  625.25  532.77  447.70  372.22  307.62  254.33  211.95  179.44  155.38  138.19  126.34  118.45  113.37  110.20  108.29  107.18  106.55  106.21  106.03  105.93  105.88  105.86  105.85  105.85  105.84  105.84  105.84  105.84  105.84  105.84  105.84  105.84  105.84  105.84  105.84  105.84  105.84  105.84  105.84  105.84  105.84  105.84  105.84  105.84  105.84  105.84  105.84  105.84  105.84  105.84
 1374.05 1354.41 1323.46 1279.77 1223.22 1154.29 1074.04  984.25  887.46  786.92  686.27  589.18  498.99  418.27  348.70  290.91  244.66  208.95  182.37  163.26  150.01  141.12  135.36  131.75  129.56  128.28  127.55  127.14  126.93  126.82  126.76  126.73  126.72  126.71  126.71  126.71  126.71  126.71  126.71  126.71  126.71  126.71  126.71  126.71  126.71  126.71  126.71  126.71  126.71  126.71  126.71  126.71  126.71  126.71  126.71  126.71  126.71  126.71  126.71  126.71
 1374.83 1359.77 1335.31 1299.20 1250.24 1188.01 1113.02 1026.80  931.90  831.71  730.15  631.23  538.59  455.12  382.75  322.33  273.72  236.02  207.83  187.48  173.29  163.74  157.53  153.62  151.23  149.83  149.03  148.58  148.34  148.22  148.16  148.13  148.11  148.10  148.10  148.10  148.10  148.10  148.10  148.10  148.10  148.10  148.10  148.10  148.10  148.10  148.10  148.10  148.10  148.10  148.10  148.10  148.10  148.10  148.10  148.10  148.10  148.10  148.10  148.10
 1375.60 1362.80 1341.70 1309.83 1265.51 1207.83 1136.90 1053.96  961.43  862.69  761.72  662.67  569.36  484.88  411.31  349.64  299.85  261.11  232.04  210.99  196.27  186.34  179.85  175.76  173.26  171.78  170.93  170.46  170.21  170.08  170.01  169.98  169.96  169.96  169.95  169.95  169.95  169.95  169.95  169.95  169.95  169.95  169.95  169.95  169.95  169.95  169.95  169.95  169.95  169.95  169.95  169.95  169.95  169.95  169.95  169.95  169.95  169.95  169.95  169.95
 1376.37 1364.75 1345.46 1316.01 1274.55 1219.92 1151.98 1071.78  981.58  884.67  785.03  686.83  593.95  509.57  435.87  373.92  323.79  284.69  255.29  233.96  219.02  208.91  202.30  198.12  195.57  194.05  193.19  192.70  192.44  192.31  192.24  192.21  192.19  192.18  192.18  192.18  192.18  192.18  192.18  192.18  192.18  192.18  192.18  192.18  192.18  192.18  192.18  192.18  192.18  192.18  192.18  192.18  192.18  192.18  192.18  192.18  192.18  192.18  192.18  192.18
 1377.14 1366.19 1347.97 1320.00 1280.38 1227.87 1162.18 1084.22  996.14  901.14  803.14  706.27  614.44  530.83  457.67  396.08  346.16  307.18  277.83  256.52  241.58  231.46  224.84  220.65  218.08  216.56  215.69  215.20  214.94  214.80  214.74  214.70  214.68  214.68  214.67  214.67  214.67  214.67  214.67  214.67  214.67  214.67  214.67  214.67  214.67  214.67  214.67  214.67  214.67  214.67  214.67  214.67  214.67  214.67  214.67  214.67  214.67  214.67  214.67  214.67
 1377.90 1367.39 1349.89 1322.94 1284.64 1233.70 1169.78 1093.71 1007.54  914.40  818.13  722.82  632.35  549.88  477.65  416.80  367.45  328.90  299.86  278.76  263.97  253.95  247.40  243.25  240.71  239.21  238.34  237.86  237.60  237.47  237.40  237.37  237.35  237.34  237.34  237.34  237.34  237.34  237.34  237.34  237.34  237.34  237.34  237.34  237.34  237.34  237.34  237.34  237.34  237.34  237.34  237.34  237.34  237.34  237.34  237.34  237.34  237.34  237.34  237.34
 1378.66 1368.51 1351.57 1325.43 1288.19 1238.54 1176.12 1101.69 1017.26  925.87  831.32  737.64  648.66  567.52  496.44  436.54  387.98  350.04  321.48  300.74  286.21  276.37  269.94  265.87  263.38  261.91  261.07  260.60  260.35  260.21  260.15  260.11  260.10  260.09  260.09  260.09  260.09  260.09  260.09  260.09  260.09  260.09  260.09  260.09  260.09  260.09  260.09  260.09  260.09  260.09  260.09  260.09  260.09  260.09  260.09  260.09  260.09  260.09  260.09  260.09
 1379.41 1369.67 1353.28 1327.87 1291.59 1243.11 1182.05 1109.14 1026.34  936.64  843.78  751.74  664.31  584.60  514.79  456.00  408.35  371.17  343.21  322.92  308.73  299.14  292.87  288.92  286.51  285.08  284.27  283.82  283.57  283.45  283.38  283.35  283.34  283.33  283.33  283.33  283.33  283.33  283.33  283.33  283.33  283.33  283.33  283.33  283.33  283.33  283.33  283.33  283.33  283.33  283.33  283.33  283.33  283.33  283.33  283.33  283.33  283.33  283.33  283.33
 1380.16 1370.72 1354.78 1330.03 1294.62 1247.25 1187.50 1116.11 1034.97  947.04  855.98  765.71  679.97  601.80  533.37  475.76  429.11  392.73  365.38  345.57  331.72  322.37  316.27  312.43  310.09  308.71  307.92  307.48  307.25  307.13  307.06  307.03  307.02  307.01  307.01  307.01  307.01  307.01  307.01  307.01  307.01  307.01  307.01  307.01  307.01  307.01  307.01  307.01  307.01  307.01  307.01  307.01  307.01  307.01  307.01  307.01  307.01  307.01  307.01  307.01
 1380.91 1371.71 1356.17 1332.01 1297.41 1251.09 1192.63 1122.74 1043.29  957.16  867.94  779.51  695.51  618.95  551.94  495.55  449.89  414.31  387.58  368.23  354.71  345.59  339.64  335.90  333.62  332.28  331.52  331.09  330.87  330.75  330.69  330.66  330.65  330.64  330.64  330.64  330.64  330.64  330.64  330.64  330.64  330.64  330.64  330.64  330.64  330.64  330.64  330.64  330.64  330.64  330.64  330.64  330.64  330.64  330.64  330.64  330.64  330.64  330.64  330.64
 1381.65 1372.67 1357.49 1333.88 1300.06 1254.76 1197.58 1129.20 1051.45  967.15  879.83  793.28  711.06  636.14  570.56  515.39  470.74  435.94  409.81  390.90  377.69  368.79  362.99  359.34  357.11  355.81  355.06  354.65  354.43  354.31  354.26  354.23  354.22  354.21  354.21  354.21  354.20  354.20  354.20  354.20  354.20  354.20  354.20  354.20  354.20  354.20  354.20  354.20  354.20  354.20  354.20  354.20  354.20  354.20  354.20  354.20  354.20  354.20  354.20  354.20
 1382.39 1373.61 1358.77 1335.70 1302.63 1258.34 1202.43 1135.57 1059.54  977.10  891.72  807.08  726.68  653.41  589.28  535.33  491.67  457.64  432.09  413.60  400.68  391.98  386.31  382.74  380.57  379.29  378.56  378.16  377.94  377.83  377.77  377.75  377.73  377.73  377.72  377.72  377.72  377.72  377.72  377.72  377.72  377.72  377.72  377.72  377.72  377.72  377.72  377.72  377.72  377.72  377.72  377.72  377.72  377.72  377.72  377.72  377.72  377.72  377.72  377.72
 1383.12 1374.53 1360.02 1337.45 1305.13 1261.84 1207.21 1141.88 1067.60  987.07  903.65  820.95  742.40  670.80  608.13  555.39  512.70  479.43  454.44  436.34  423.70  415.18  409.62  406.13  404.00  402.74  402.03  401.63  401.42  401.31  401.26  401.23  401.22  401.21  401.21  401.21  401.21  401.21  401.21  401.21  401.21  401.21  401.21  401.21  401.21  401.21  401.21  401.21  401.21  401.21  401.21  401.21  401.21  401.21  401.21  401.21  401.21  401.21  401.21  401.21
 1383.85 1375.44 1361.23 1339.15 1307.55 1265.26 1211.91 1148.13 1075.63  997.04  915.64  834.93  758.25  688.35  627.14  575.61  533.88  501.34  476.88  459.16  446.78  438.41  432.96  429.53  427.43  426.20  425.50  425.11  424.90  424.79  424.73  424.71  424.70  424.69  424.69  424.69  424.69  424.68  424.68  424.68  424.68  424.68  424.68  424.68  424.68  424.68  424.68  424.68  424.68  424.68  424.68  424.68  424.68  424.68  424.68  424.68  424.68  424.68  424.68  424.68
 1384.58 1376.31 1362.37 1340.76 1309.87 1268.57 1216.50 1154.31 1083.63 1007.03  927.68  849.02  774.25  706.07  646.33  596.02  555.23  523.40  499.45  482.08  469.93  461.71  456.35  452.96  450.90  449.68  448.98  448.59  448.38  448.28  448.22  448.19  448.18  448.18  448.17  448.17  448.17  448.17  448.17  448.17  448.17  448.17  448.17  448.17  448.17  448.17  448.17  448.17  448.17  448.17  448.17  448.17  448.17  448.17  448.17  448.17  448.17  448.17  448.17  448.17
 1385.30 1377.10 1363.39 1342.20 1311.97 1271.64 1220.85 1160.24 1091.39 1016.80  939.55  862.93  790.10  723.63  665.36  616.23  576.36  545.20  521.73  504.68  492.72  484.63  479.33  475.98  473.93  472.72  472.02  471.64  471.43  471.32  471.27  471.24  471.23  471.22  471.22  471.22  471.22  471.22  471.22  471.22  471.22  471.22  471.22  471.22  471.22  471.22  471.22  471.22  471.22  471.22  471.22  471.22  471.22  471.22  471.22  471.22  471.22  471.22  471.22  471.22
 1386.02 1377.95 1364.50 1343.76 1314.22 1274.84 1225.30 1166.21 1099.12 1026.45  951.18  876.54  805.54  740.73  683.88  635.90  596.94  566.47  543.48  526.76  515.02  507.07  501.85  498.55  496.52  495.32  494.63  494.25  494.04  493.94  493.88  493.85  493.84  493.84  493.83  493.83  493.83  493.83  493.83  493.83  493.83  493.83  493.83  493.83  493.83  493.83  493.83  493.83  493.83  493.83  493.83  493.83  493.83  493.83  493.83  493.83  493.83  493.83  493.83  493.83
 1386.73 1378.84 1365.68 1345.42 1316.58 1278.17 1229.88 1172.30 1106.94 1036.15  962.84  890.11  820.94  757.76  702.31  655.50  617.46  587.67  565.19  548.83  537.32  529.52  524.39  521.15  519.15  517.97  517.29  516.91  516.70  516.60  516.54  516.51  516.50  516.50  516.49  516.49  516.49  516.49  516.49  516.49  516.49  516.49  516.49  516.49  516.49  516.49  516.49  516.49  516.49  516.49  516.49  516.49  516.49  516.49  516.49  516.49  516.49  516.49  516.49  516.49
 1387.44 1379.73 1366.89 1347.12 1319.01 1281.57 1234.53 1178.45 1114.81 1045.89  974.50  903.68  836.30  774.75  720.70  675.06  637.94  608.86  586.90  570.90  559.64  551.99  546.97  543.78  541.82  540.66  539.99  539.62  539.41  539.31  539.25  539.23  539.21  539.21  539.21  539.20  539.20  539.20  539.20  539.20  539.20  539.20  539.20  539.20  539.20  539.20  539.20  539.20  539.20  539.20  539.20  539.20  539.20  539.20  539.20  539.20  539.20  539.20  539.20  539.20
 1388.15 1380.63 1368.11 1348.85 1321.46 1285.01 1239.21 1184.63 1122.71 1055.64  986.18  917.26  851.67  791.74  739.10  694.62  658.43  630.07  608.63  593.00  581.99  574.51  569.59  566.47  564.55  563.40  562.74  562.38  562.18  562.07  562.02  561.99  561.98  561.97  561.97  561.97  561.97  561.97  561.97  561.97  561.97  561.97  561.97  561.97  561.97  561.97  561.97  561.97  561.97  561.97  561.97  561.97  561.97  561.97  561.97  561.97  561.97  561.97  561.97  561.97
 1388.85 1381.52 1369.33 1350.57 1323.91 1288.44 1243.89 1190.82 1130.61 1065.41  997.87  930.86  867.07  808.77  757.54  714.23  678.97  651.32  630.41  615.15  604.40  597.08  592.27  589.21  587.32  586.20  585.55  585.19  584.99  584.89  584.84  584.81  584.80  584.79  584.79  584.79  584.79  584.79  584.79  584.79  584.79  584.79  584.79  584.79  584.79  584.79  584.79  584.79  584.79  584.79  584.79  584.79  584.79  584.79  584.79  584.79  584.79  584.79  584.79  584.79
 1389.55 1382.40 1370.52 1352.25 1326.31 1291.83 1248.54 1196.98 1138.50 1075.18 1009.59  944.50  882.53  825.87  776.06  733.92  699.60  672.67  652.28  637.38  626.88  619.73  615.01  612.01  610.16  609.06  608.42  608.06  607.87  607.77  607.72  607.69  607.68  607.67  607.67  607.67  607.67  607.67  607.67  607.67  607.67  607.67  607.67  607.67  607.67  607.67  607.67  607.67  607.67  607.67  607.67  607.67  607.67  607.67  607.67  607.67  607.67  607.67  607.67  607.67
 1390.24 1383.26 1371.67 1353.87 1328.64 1295.13 1253.10 1203.07 1146.35 1084.94 1021.33  958.20  898.07  843.07  794.69  753.74  720.36  694.13  674.25  659.71  649.45  642.45  637.83  634.88  633.06  631.98  631.35  630.99  630.80  630.70  630.65  630.62  630.61  630.60  630.60  630.60  630.60  630.60  630.60  630.60  630.60  630.60  630.60  630.60  630.60  630.60  630.60  630.60  630.60  630.60  630.60  630.60  630.60  630.60  630.60  630.60  630.60  630.60  630.60  630.60
 1390.93 1384.05 1372.71 1355.36 1330.81 1298.25 1257.47 1208.96 1153.99 1094.49 1032.87  971.70  913.42  860.08  813.12  773.33  740.86  715.32  695.93  681.73  671.69  664.83  660.29  657.39  655.59  654.52  653.89  653.54  653.35  653.25  653.20  653.17  653.16  653.15  653.15  653.15  653.15  653.15  653.15  653.15  653.15  653.15  653.15  653.15  653.15  653.15  653.15  653.15  653.15  653.15  653.15  653.15  653.15  653.15  653.15  653.15  653.15  653.15  653.15  653.15
 1391.62 1384.89 1373.82 1356.93 1333.07 1301.46 1261.89 1214.85 1161.57 1103.91 1044.20  984.91  928.40  876.66  831.08  792.44  760.88  736.02  717.14  703.29  693.49  686.77  682.33  679.48  677.72  676.66  676.05  675.70  675.51  675.41  675.36  675.33  675.32  675.31  675.31  675.31  675.31  675.31  675.31  675.31  675.31  675.31  675.31  675.31  675.31  675.31  675.31  675.31  675.31  675.31  675.31  675.31  675.31  675.31  675.31  675.31  675.31  675.31  675.31  675.31
 1392.30 1385.75 1374.99 1358.58 1335.42 1304.76 1266.41 1220.83 1169.21 1113.36 1055.52  998.09  943.33  893.18  848.98  811.48  780.84  756.69  738.32  724.84  715.29  708.74  704.40  701.62  699.89  698.86  698.25  697.91  697.72  697.62  697.57  697.55  697.54  697.53  697.53  697.53  697.53  697.53  697.53  697.53  697.53  697.53  697.53  697.53  697.53  697.53  697.53  697.53  697.53  697.53  697.53  697.53  697.53  697.53  697.53  697.53  697.53  697.53  697.53  697.53
 1392.98 1386.62 1376.18 1360.27 1337.83 1308.13 1270.98 1226.85 1176.89 1122.84 1066.85 1011.26  958.24  909.67  866.85  830.50  800.78  777.34  759.51  746.41  737.11  730.74  726.51  723.80  722.11  721.10  720.51  720.17  719.99  719.89  719.84  719.82  719.80  719.80  719.79  719.79  719.79  719.79  719.79  719.79  719.79  719.79  719.79  719.79  719.79  719.79  719.79  719.79  719.79  719.79  719.79  719.79  719.79  719.79  719.79  719.79  719.79  719.79  719.79  719.79
 1393.65 1387.49 1377.38 1361.97 1340.25 1311.51 1275.58 1232.90 1184.59 1132.33 1078.20 1024.43  973.16  926.16  884.71  849.52  820.73  798.01  780.72  768.00  758.97  752.78  748.66  746.02  744.38  743.39  742.81  742.48  742.30  742.21  742.16  742.13  742.12  742.12  742.11  742.11  742.11  742.11  742.11  742.11  742.11  742.11  742.11  742.11  742.11  742.11  742.11  742.11  742.11  742.11  742.11  742.11  742.11  742.11  742.11  742.11  742.11  742.11  742.11  742.11
 1394.32 1388.36 1378.57 1363.67 1342.67 1314.89 1280.18 1238.96 1192.30 1141.83 1089.55 1037.62  988.09  942.68  902.61  868.58  840.72  818.72  801.97  789.64  780.88  774.86  770.87  768.29  766.69  765.73  765.17  764.85  764.67  764.58  764.53  764.51  764.49  764.49  764.49  764.48  764.48  764.48  764.48  764.48  764.48  764.48  764.48  764.48  764.48  764.48  764.48  764.48  764.48  764.48  764.48  764.48  764.48  764.48  764.48  764.48  764.48  764.48  764.48  764.48
 1394.99 1389.22 1379.75 1365.35 1345.06 1318.25 1284.75 1244.99 1200.00 1151.33 1100.92 1050.84 1003.06  959.24  920.57  887.70  860.78  839.50  823.29  811.35  802.85  797.01  793.13  790.62  789.07  788.12  787.57  787.26  787.09  787.00  786.95  786.93  786.92  786.91  786.91  786.91  786.91  786.91  786.91  786.91  786.91  786.91  786.91  786.91  786.91  786.91  786.91  786.91  786.91  786.91  786.91  786.91  786.91  786.91  786.91  786.91  786.91  786.91  786.91  786.91
 1395.65 1390.06 1380.89 1366.97 1347.39 1321.54 1289.27 1250.98 1207.67 1160.83 1112.31 1064.10 1018.10  975.89  938.62  906.91  880.92  860.37  844.69  833.13  824.89  819.22  815.45  813.01  811.49  810.57  810.04  809.73  809.56  809.47  809.42  809.40  809.39  809.38  809.38  809.38  809.38  809.38  809.38  809.38  809.38  809.38  809.38  809.38  809.38  809.38  809.38  809.38  809.38  809.38  809.38  809.38  809.38  809.38  809.38  809.38  809.38  809.38  809.38  809.38
 1396.31 1390.84 1381.96 1368.50 1349.60 1324.69 1293.62 1256.80 1215.16 1170.14 1123.51 1077.17 1032.93  992.32  956.43  925.88  900.81  880.97  865.80  854.60  846.61  841.10  837.42  835.05  833.56  832.66  832.13  831.83  831.67  831.58  831.53  831.51  831.49  831.49  831.49  831.48  831.48  831.48  831.48  831.48  831.48  831.48  831.48  831.48  831.48  831.48  831.48  831.48  831.48  831.48  831.48  831.48  831.48  831.48  831.48  831.48  831.48  831.48  831.48  831.48
 1396.96 1391.66 1383.07 1370.08 1351.87 1327.89 1298.00 1262.59 1222.57 1179.31 1134.50 1089.96 1047.44 1008.38  973.84  944.43  920.27  901.12  886.47  875.65  867.92  862.58  859.01  856.70  855.25  854.38  853.86  853.56  853.40  853.31  853.27  853.24  853.23  853.23  853.22  853.22  853.22  853.22  853.22  853.22  853.22  853.22  853.22  853.22  853.22  853.22  853.22  853.22  853.22  853.22  853.22  853.22  853.22  853.22  853.22  853.22  853.22  853.22  853.22  853.22
 1397.61 1392.50 1384.22 1371.72 1354.20 1331.15 1302.45 1268.45 1230.03 1188.51 1145.50 1102.74 1061.91 1024.39  991.21  962.93  939.68  921.25  907.14  896.70  889.24  884.08  880.62  878.39  876.98  876.13  875.63  875.34  875.18  875.10  875.05  875.03  875.02  875.01  875.01  875.01  875.01  875.01  875.01  875.01  875.01  875.01  875.01  875.01  875.01  875.01  875.01  875.01  875.01  875.01  875.01  875.01  875.01  875.01  875.01  875.01  875.01  875.01  875.01  875.01
 1398.26 1393.35 1385.39 1373.39 1356.58 1334.47 1306.94 1274.35 1237.52 1197.72 1156.50 1115.52 1076.37 1040.39 1008.55  981.41  959.09  941.38  927.81  917.76  910.57  905.60  902.27  900.11  898.75  897.93  897.44  897.16  897.01  896.93  896.88  896.86  896.85  896.84  896.84  896.84  896.84  896.84  896.84  896.84  896.84  896.84  896.84  896.84  896.84  896.84  896.84  896.84  896.84  896.84  896.84  896.84  896.84  896.84  896.84  896.84  896.84  896.84  896.84  896.84
 1398.90 1394.19 1386.57 1375.07 1358.97 1337.80 1311.45 1280.26 1245.03 1206.95 1167.51 1128.30 1090.83 1056.39 1025.90  999.89  978.50  961.52  948.50  938.85  931.94  927.16  923.96  921.88  920.57  919.77  919.30  919.03  918.88  918.80  918.76  918.74  918.73  918.72  918.72  918.72  918.72  918.72  918.72  918.72  918.72  918.72  918.72  918.72  918.72  918.72  918.72  918.72  918.72  918.72  918.72  918.72  918.72  918.72  918.72  918.72  918.72  918.72  918.72  918.72
 1399.54 1395.03 1387.74 1376.74 1361.35 1341.13 1315.96 1286.18 1252.54 1216.18 1178.53 1141.09 1105.30 1072.40 1043.27 1018.41  997.94  981.69  969.22  959.98  953.35  948.76  945.68  943.68  942.43  941.66  941.20  940.94  940.80  940.72  940.68  940.66  940.65  940.64  940.64  940.64  940.64  940.64  940.64  940.64  940.64  940.64  940.64  940.64  940.64  940.64  940.64  940.64  940.64  940.64  940.64  940.64  940.64  940.64  940.64  940.64  940.64  940.64  940.64  940.64
 1400.17 1395.87 1388.90 1378.40 1363.72 1344.44 1320.46 1292.08 1260.04 1225.42 1189.56 1153.90 1119.81 1088.45 1060.68 1036.96 1017.43 1001.91  989.99  981.15  974.81  970.41  967.46  965.54  964.33  963.59  963.15  962.90  962.76  962.69  962.65  962.63  962.62  962.61  962.61  962.61  962.61  962.61  962.61  962.61  962.61  962.61  962.61  962.61  962.61  962.61  962.61  962.61  962.61  962.61  962.61  962.61  962.61  962.61  962.61  962.61  962.61  962.61  962.61  962.61
 1400.80 1396.69 1390.04 1380.03 1366.06 1347.72 1324.92 1297.96 1267.53 1234.65 1200.60 1166.73 1134.35 1104.55 1078.14 1055.58 1036.99 1022.20 1010.83 1002.39  996.33  992.12  989.29  987.45  986.28  985.57  985.15  984.91  984.77  984.70  984.66  984.64  984.63  984.63  984.62  984.62  984.62  984.62  984.62  984.62  984.62  984.62  984.62  984.62  984.62  984.62  984.62  984.62  984.62  984.62  984.62  984.62  984.62  984.62  984.62  984.62  984.62  984.62  984.62  984.62
 1401.43 1397.47 1391.12 1381.58 1368.29 1350.88 1329.25 1303.69 1274.86 1243.71 1211.45 1179.37 1148.68 1120.42 1095.37 1073.95 1056.27 1042.20 1031.37 1023.32 1017.53 1013.50 1010.78 1009.01 1007.89 1007.21 1006.80 1006.56 1006.43 1006.36 1006.32 1006.30 1006.29 1006.29 1006.29 1006.29 1006.29 1006.29 1006.29 1006.29 1006.29 1006.29 1006.29 1006.29 1006.29 1006.29 1006.29 1006.29 1006.29 1006.29 1006.29 1006.29 1006.29 1006.29 1006.29 1006.29 1006.29 1006.29 1006.29 1006.29
 1402.05 1398.27 1392.23 1383.17 1370.56 1354.05 1333.57 1309.38 1282.09 1252.63 1222.11 1191.75 1162.71 1135.96 1112.23 1091.93 1075.16 1061.80 1051.51 1043.85 1038.34 1034.50 1031.91 1030.21 1029.14 1028.48 1028.09 1027.87 1027.74 1027.67 1027.63 1027.61 1027.61 1027.60 1027.60 1027.60 1027.60 1027.60 1027.60 1027.60 1027.60 1027.60 1027.60 1027.60 1027.60 1027.60 1027.60 1027.60 1027.60 1027.60 1027.60 1027.60 1027.60 1027.60 1027.60 1027.60 1027.60 1027.60 1027.60 1027.60
 1402.67 1399.09 1393.36 1384.78 1372.86 1357.26 1337.92 1315.09 1289.34 1261.54 1232.75 1204.11 1176.71 1151.46 1129.05 1109.87 1094.03 1081.39 1071.65 1064.39 1059.17 1055.52 1053.06 1051.45 1050.43 1049.80 1049.42 1049.21 1049.09 1049.02 1048.99 1048.97 1048.96 1048.95 1048.95 1048.95 1048.95 1048.95 1048.95 1048.95 1048.95 1048.95 1048.95 1048.95 1048.95 1048.95 1048.95 1048.95 1048.95 1048.95 1048.95 1048.95 1048.95 1048.95 1048.95 1048.95 1048.95 1048.95 1048.95 1048.95
 1403.28 1399.90 1394.50 1386.41 1375.18 1360.49 1342.28 1320.80 1296.58 1270.44 1243.37 1216.44 1190.67 1166.92 1145.84 1127.79 1112.87 1100.97 1091.79 1084.94 1080.01 1076.56 1074.24 1072.71 1071.75 1071.15 1070.80 1070.59 1070.48 1070.41 1070.38 1070.36 1070.35 1070.35 1070.35 1070.35 1070.35 1070.35 1070.35 1070.35 1070.35 1070.35 1070.35 1070.34 1070.34 1070.34 1070.34 1070.34 1070.34 1070.34 1070.34 1070.34 1070.34 1070.34 1070.34 1070.34 1070.34 1070.34 1070.34 1070.34
 1403.89 1400.71 1395.63 1388.03 1377.47 1363.68 1346.60 1326.46 1303.77 1279.28 1253.92 1228.70 1204.57 1182.34 1162.59 1145.68 1131.70 1120.54 1111.93 1105.51 1100.87 1097.63 1095.45 1094.01 1093.10 1092.54 1092.21 1092.01 1091.90 1091.84 1091.81 1091.79 1091.79 1091.78 1091.78 1091.78 1091.78 1091.78 1091.78 1091.78 1091.78 1091.78 1091.78 1091.78 1091.78 1091.78 1091.78 1091.78 1091.78 1091.78 1091.78 1091.78 1091.78 1091.78 1091.78 1091.78 1091.78 1091.78 1091.78 1091.78
 1404.50 1401.51 1396.73 1389.60 1379.71 1366.81 1350.84 1332.02 1310.84 1288.00 1264.37 1240.87 1218.39 1197.68 1179.28 1163.53 1150.50 1140.10 1132.07 1126.08 1121.75 1118.73 1116.69 1115.34 1114.49 1113.97 1113.65 1113.47 1113.37 1113.31 1113.28 1113.27 1113.26 1113.25 1113.25 1113.25 1113.25 1113.25 1113.25 1113.25 1113.25 1113.25 1113.25 1113.25 1113.25 1113.25 1113.25 1113.25 1113.25 1113.25 1113.25 1113.25 1113.25 1113.25 1113.25 1113.25 1113.25 1113.25 1113.25 1113.25
 1405.10 1402.28 1397.79 1391.09 1381.83 1369.77 1354.88 1337.37 1317.70 1296.51 1274.61 1252.85 1232.05 1212.90 1195.89 1181.32 1169.27 1159.64 1152.21 1146.66 1142.66 1139.85 1137.95 1136.71 1135.92 1135.43 1135.13 1134.96 1134.87 1134.82 1134.79 1134.77 1134.77 1134.76 1134.76 1134.76 1134.76 1134.76 1134.76 1134.76 1134.76 1134.76 1134.76 1134.76 1134.76 1134.76 1134.76 1134.76 1134.76 1134.76 1134.76 1134.76 1134.76 1134.76 1134.76 1134.76 1134.76 1134.76 1134.76 1134.76
 1405.70 1403.01 1398.74 1392.42 1383.71 1372.43 1358.58 1342.35 1324.18 1304.66 1284.52 1264.55 1245.47 1227.92 1212.34 1198.99 1187.96 1179.14 1172.33 1167.24 1163.57 1160.99 1159.25 1158.10 1157.37 1156.92 1156.65 1156.49 1156.40 1156.36 1156.33 1156.32 1156.31 1156.31 1156.30 1156.30 1156.30 1156.30 1156.30 1156.30 1156.30 1156.30 1156.30 1156.30 1156.30 1156.30 1156.30 1156.30 1156.30 1156.30 1156.30 1156.30 1156.30 1156.30 1156.30 1156.30 1156.30 1156.30 1156.30 1156.30
 1406.29 1403.65 1399.49 1393.40 1385.13 1374.53 1361.63 1346.64 1329.94 1312.09 1293.74 1275.58 1258.28 1242.37 1228.27 1216.20 1206.21 1198.23 1192.06 1187.45 1184.12 1181.78 1180.19 1179.15 1178.48 1178.07 1177.82 1177.68 1177.60 1177.55 1177.53 1177.52 1177.51 1177.51 1177.51 1177.51 1177.51 1177.51 1177.51 1177.51 1177.51 1177.51 1177.51 1177.51 1177.51 1177.51 1177.51 1177.51 1177.51 1177.51 1177.51 1177.51 1177.51 1177.51 1177.51 1177.51 1177.51 1177.51 1177.51 1177.51
 1406.88 1404.14 1399.92 1393.88 1385.86 1375.80 1363.75 1349.94 1334.70 1318.54 1302.02 1285.75 1270.28 1256.09 1243.53 1232.79 1223.91 1216.81 1211.33 1207.23 1204.26 1202.18 1200.76 1199.83 1199.24 1198.87 1198.65 1198.52 1198.45 1198.41 1198.39 1198.37 1198.37 1198.37 1198.37 1198.36 1198.36 1198.36 1198.36 1198.36 1198.36 1198.36 1198.36 1198.36 1198.36 1198.36 1198.36 1198.36 1198.36 1198.36 1198.36 1198.36 1198.36 1198.36 1198.36 1198.36 1198.36 1198.36 1198.36 1198.36
 1407.47 1404.35 1399.71 1393.39 1385.38 1375.70 1364.45 1351.83 1338.15 1323.79 1309.24 1294.99 1281.51 1269.18 1258.29 1248.99 1241.32 1235.19 1230.45 1226.91 1224.34 1222.55 1221.32 1220.52 1220.00 1219.68 1219.49 1219.38 1219.32 1219.28 1219.26 1219.25 1219.25 1219.25 1219.25 1219.24 1219.24 1219.24 1219.24 1219.24 1219.24 1219.24 1219.24 1219.24 1219.24 1219.24 1219.24 1219.24 1219.24 1219.24 1219.24 1219.24 1219.24 1219.24 1219.24 1219.24 1219.24 1219.24 1219.24 1219.24
 1408.05 1403.91 1398.20 1391.10 1382.79 1373.40 1363.00 1351.72 1339.77 1327.45 1315.10 1303.10 1291.81 1281.53 1272.48 1264.76 1258.40 1253.33 1249.41 1246.48 1244.36 1242.87 1241.86 1241.20 1240.77 1240.51 1240.35 1240.26 1240.20 1240.17 1240.16 1240.15 1240.15 1240.14 1240.14 1240.14 1240.14 1240.14 1240.14 1240.14 1240.14 1240.14 1240.14 1240.14 1240.14 1240.14 1240.14 1240.14 1240.14 1240.14 1240.14 1240.14 1240.14 1240.14 1240.14 1240.14 1240.14 1240.14 1240.14 1240.14
 1408.63 1401.95 1393.98 1385.48 1376.75 1367.79 1358.53 1348.96 1339.13 1329.19 1319.37 1309.92 1301.09 1293.08 1286.05 1280.07 1275.15 1271.23 1268.20 1265.94 1264.31 1263.16 1262.38 1261.87 1261.54 1261.34 1261.21 1261.14 1261.10 1261.08 1261.07 1261.06 1261.06 1261.06 1261.05 1261.05 1261.05 1261.05 1261.05 1261.05 1261.05 1261.05 1261.05 1261.05 1261.05 1261.05 1261.05 1261.05 1261.05 1261.05 1261.05 1261.05 1261.05 1261.05 1261.05 1261.05 1261.05 1261.05 1261.05 1261.05
 1409.20 1395.95 1384.09 1374.09 1365.49 1357.72 1350.35 1343.13 1335.98 1328.91 1322.03 1315.46 1309.36 1303.86 1299.03 1294.94 1291.58 1288.91 1286.84 1285.30 1284.19 1283.41 1282.88 1282.53 1282.30 1282.17 1282.08 1282.03 1282.00 1281.99 1281.98 1281.98 1281.97 1281.97 1281.97 1281.97 1281.97 1281.97 1281.97 1281.97 1281.97 1281.97 1281.97 1281.97 1281.97 1281.97 1281.97 1281.97 1281.97 1281.97 1281.97 1281.97 1281.97 1281.97 1281.97 1281.97 1281.97 1281.97 1281.97 1281.97
 1409.77 1377.68 1362.81 1353.77 1347.54 1342.64 1338.37 1334.40 1330.59 1326.89 1323.32 1319.94 1316.82 1314.01 1311.56 1309.48 1307.77 1306.41 1305.37 1304.58 1304.02 1303.62 1303.35 1303.18 1303.06 1302.99 1302.95 1302.93 1302.91 1302.90 1302.90 1302.90 1302.90 1302.90 1302.90 1302.90 1302.90 1302.90 1302.90 1302.90 1302.90 1302.90 1302.90 1302.90 1302.90 1302.90 1302.90 1302.90 1302.90 1302.90 1302.90 1302.90 1302.90 1302.90 1302.90 1302.90 1302.90 1302.90 1302.90 1302.90
 1410.34 1323.82 1323.82 1323.82 1323.82 1323.82 1323.82 1323.82 1323.82 1323.82 1323.82 1323.82 1323.82 1323.82 1323.82 1323.82 1323.82 1323.82 1323.82 1323.82 1323.82 1323.82 1323.82 1323.82 1323.82 1323.82 1323.82 1323.82 1323.82 1323.82 1323.82 1323.82 1323.82 1323.82 1323.82 1323.82 1323.82 1323.82 1323.82 1323.82 1323.82 1323.82 1323.82 1323.82 1323.82 1323.82 1323.82 1323.82 1323.82 1323.82 1323.82 1323.82 1323.82 1323.82 1323.82 1323.82 1323.82 1323.82 1323.82 1323.82

 0101 0101 0101 0101 0101 0101 0101 0101 0101 0101 0101 0101 0101 0101 0101 0101 0101 0101 0101 0101 0101 0101 0101 0101 0101 0101 0101 0101 0101 0101 0101 0101 0101 0101 0101 0101 0101 0101 0101 0101 0101 0101 0101 0101 0101 0101 0101 0101 0101 0101 0101 0101 0101 0101 0101 0101 0101 0101 0101 0101
 0101 0101 0101 0101 0101 0101 0101 0101 0101 0101 0101 0101 0101 0101 0101 0101 0101 0101 0101 0101 0101 0101 0101 0101 0101 0101 0101 0101 0101 0101 0101 0101 0101 0101 0101 0101 0101 0101 0101 0101 0101 0101 0101 0101 0101 0101 0101 0101 0101 0101 0101 0101 0101 0101 0101 0101 0101 0101 0101 0101
 0101 0101 0101 0101 0101 0101 0101 0101 0101 0101 0101 0101 0101 0101 0101 0101 0101 0101 0101 0101 0101 0101 0101 0101 0101 0101 0101 0101 0101 0101 0101 0101 0101 0101 0101 0101 0101 0101 0101 0101 0101 0101 0101 0101 0101 0101 0101 0101 0101 0101 0101 0101 0101 0101 0101 0101 0101 0101 0101 0101
 0101 0101 0101 0101 0101 0101 0101 0101 0101 0101 0101 0101 0101 0101 0101 0101 0101 0101 0101 0101 0101 0101 0101 0101 0101 0101 0101 0101 0101 0101 0101 0101 0101 0101 0101 0101 0101 0101 0101 0101 0101 0101 0101 0101 0101 0101 0101 0101 0101 0101 0101 0101 0101 0101 0101 0101 0101 0101 0101 0101
 0202 0202 0202 0202 0202 0202 0202 0202 0202 0202 0202 0202 0202 0202 0202 0202 0202 0202 0202 0202 0202 0202 0202 0202 0202 0202 0202 0202 0202 0202 0202 0202 0202 0202 0202 0202 0202 0202 0202 0202 0202 0202 0202 0202 0202 0202 0202 0202 0202 0202 0202 0202 0202 0202 0202 0202 0202 0202 0202 0202
 0202 0202 0202 0202 0202 0202 0202 0202 0202 0202 0202 0202 0202 0202 0202 0202 0202 0202 0202 0202 0202 0202 0202 0202 0202 0202 0202 0202 0202 0202 0202 0202 0202 0202 0202 0202 0202 0202 0202 0202 0202 0202 0202 0202 0202 0202 0202 0202 0202 0202 0202 0202 0202 0202 0202 0202 0202 0202 0202 0202
 0202 0202 0202 0202 0202 0202 0202 0202 0202 0202 0202 0202 0202 0202 0202 0202 0202 0202 0202 0202 0202 0202 0202 0202 0202 0202 0202 0202 0202 0202 0202 0202 0202 0202 0202 0202 0202 0202 0202 0202 0202 0202 0202 0202 0202 0202 0202 0202 0202 0202 0202 0202 0202 0202 0202 0202 0202 0202 0202 0202
 0202 0202 0202 0202 0202 0202 0202 0202 0202 0202 0202 0202 0202 0202 0202 0202 0202 0202 0202 0202 0202 0202 0202 0202 0202 0202 0202 0202 0202 0202 0202 0202 0202 0202 0202 0202 0202 0202 0202 0202 0202 0202 0202 0202 0202 0202 0202 0202 0202 0202 0202 0202 0202 0202 0202 0202 0202 0202 0202 0202
 0202 0202 0202 0202 0202 0202 0202 0202 0202 0202 0202 0202 0202 0202 0202 0202 0202 0202 0202 0202 0202 0202 0202 0202 0202 0202 0202 0202 0202 0202 0202 0202 0202 0202 0202 0202 0202 0202 0202 0202 0202 0202 0202 0202 0202 0202 0202 0202 0202 0202 0202 0202 0202 0202 0202 0202 0202 0202 0202 0202
 0202 0202 0202 0202 0202 0202 0202 0202 0202 0202 0202 0202 0202 0202 0202 0202 0202 0202 0202 0202 0202 0202 0202 0202 0202 0202 0202 0202 0202 0202 0202 0202 0202 0202 0202 0202 0202 0202 0202 0202 0202 0202 0202 0202 0202 0202 0202 0202 0202 0202 0202 0202 0202 0202 0202 0202 0202 0202 0202 0202
 0202 0202 0202 0202 0202 0202 0202 0202 0202 0202 0202 0202 0202 0202 0202 0202 0202 0202 0202 0202 0202 0202 0202 0202 0202 0202 0202 0202 0202 0202 0202 0202 0202 0202 0202 0202 0202 0202 0202 0202 0202 0202 0202 0202 0202 0202 0202 0202 0202 0202 0202 0202 0202 0202 0202 0202 0202 0202 0202 0202
 0202 0202 0202 0202 0202 0202 0202 0202 0202 0202 0202 0202 0202 0202 0202 0202 0202 0202 0202 0202 0202 0202 0202 0202 0202 0202 0202 0202 0202 0202 0202 0202 0202 0202 0202 0202 0202 0202 0202 0202 0202 0202 0202 0202 0202 0202 0202 0202 0202 0202 0202 0202 0202 0202 0202 0202 0202 0202 0202 0202
 0303 0303 0303 0303 0303 0303 0303 0303 0303 0303 0303 0303 0303 0303 0303 0303 0303 0303 0303 0303 0303 0303 0303 0303 0303 0303 0303 0303 0303 0303 0303 0303 0303 0303 0303 0303 0303 0303 0303 0303 0303 0303 0303 0303 0303 0303 0303 0303 0303 0303 0303 0303 0303 0303 0303 0303 0303 0303 0303 0303
 0303 0303 0303 0303 0303 0303 0303 0303 0303 0303 0303 0303 0303 0303 0303 0303 0303 0303 0303 0303 0303 0303 0303 0303 0303 0303 0303 0303 0303 0303 0303 0303 0303 0303 0303 0303 0303 0303 0303 0303 0303 0303 0303 0303 0303 0303 0303 0303 0303 0303 0303 0303 0303 0303 0303 0303 0303 0303 0303 0303
 0303 0303 0303 0303 0303 0303 0303 0303 0303 0303 0303 0303 0303 0303 0303 0303 0303 0303 0303 0303 0303 0303 0303 0303 0303 0303 0303 0303 0303 0303 0303 0303 0303 0303 0303 0303 0303 0303 0303 0303 0303 0303 0303 0303 0303 0303 0303 0303 0303 0303 0303 0303 0303 0303 0303 0303 0303 0303 0303 0303
 0303 0303 0303 0303 0303 0303 0303 0303 0303 0303 0303 0303 0303 0303 0303 0303 0303 0303 0303 0303 0303 0303 0303 0303 0303 0303 0303 0303 0303 0303 0303 0303 0303 0303 0303 0303 0303 0303 0303 0303 0303 0303 0303 0303 0303 0303 0303 0303 0303 0303 0303 0303 0303 0303 0303 0303 0303 0303 0303 0303
 0303 0303 0303 0303 0303 0303 0303 0303 0303 0303 0303 0303 0303 0303 0303 0303 0303 0303 0303 0303 0303 0303 0303 0303 0303 0303 0303 0303 0303 0303 0303 0303 0303 0303 0303 0303 0303 0303 0303 0303 0303 0303 0303 0303 0303 0303 0303 0303 0303 0303 0303 0303 0303 0303 0303 0303 0303 0303 0303 0303
 0303 0303 0303 0303 0303 0303 0303 0303 0303 0303 0303 0303 0303 0303 0303 0303 0303 0303 0303 0303 0303 0303 0303 0303 0303 0303 0303 0303 0303 0303 0303 0303 0303 0303 0303 0303 0303 0303 0303 0303 0303 0303 0303 0303 0303 0303 0303 0303 0303 0303 0303 0303 0303 0303 0303 0303 0303 0303 0303 0303
 0303 0303 0303 0303 0303 0303 0303 0303 0303 0303 0303 0303 0303 0303 0303 0303 0303 0303 0303 0303 0303 0303 0303 0303 0303 0303 0303 0303 0303 0303 0303 0303 0303 0303 0303 0303 0303 0303 0303 0303 0303 0303 0303 0303 0303 0303 0303 0303 0303 0303 0303 0303 0303 0303 0303 0303 0303 0303 0303 0303
 0303 0303 0303 0303 0303 0303 0303 0303 0303 0303 0303 0303 0303 0303 0303 0303 0303 0303 0303 0303 0303 0303 0303 0303 0303 0303 0303 0303 0303 0303 0303 0303 0303 0303 0303 0303 0303 0303 0303 0303 0303 0303 0303 0303 0303 0303 0303 0303 0303 0303 0303 0303 0303 0303 0303 0303 0303 0303 0303 0303
 0404 0404 0404 0404 0404 0404 0404 0404 0404 0404 0404 0404 0404 0404 0404 0404 0404 0404 0404 0404 0404 0404 0404 0404 0404 0404 0404 0404 0404 0404 0404 0404 0404 0404 0404 0404 0404 0404 0404 0404 0404 0404 0404 0404 0404 0404 0404 0404 0404 0404 0404 0404 0404 0404 0404 0404 0404 0404 0404 0404
 0404 0404 0404 0404 0404 0404 0404 0404 0404 0404 0404 0404 0404 0404 0404 0404 0404 0404 0404 0404 0404 0404 0404 0404 0404 0404 0404 0404 0404 0404 0404 0404 0404 0404 0404 0404 0404 0404 0404 0404 0404 0404 0404 0404 0404 0404 0404 0404 0404 0404 0404 0404 0404 0404 0404 0404 0404 0404 0404 0404
 0404 0404 0404 0404 0404 0404 0404 0404 0404 0404 0404 0404 0404 0404 0404 0404 0404 0404 0404 0404 0404 0404 0404 0404 0404 0404 0404 0404 0404 0404 0404 0404 0404 0404 0404 0404 0404 0404 0404 0404 0404 0404 0404 0404 0404 0404 0404 0404 0404 0404 0404 0404 0404 0404 0404 0404 0404 0404 0404 0404
 0404 0404 0404 0404 0404 0404 0404 0404 0404 0404 0404 0404 0404 0404 0404 0404 0404 0404 0404 0404 0404 0404 0404 0404 0404 0404 0404 0404 0404 0404 0404 0404 0404 0404 0404 0404 0404 0404 0404 0404 0404 0404 0404 0404 0404 0404 0404 0404 0404 0404 0404 0404 0404 0404 0404 0404 0404 0404 0404 0404
 0404 0404 0404 0404 0404 0404 0404 0404 0404 0404 0404 0404 0404 0404 0404 0404 0404 0404 0404 0404 0404 0404 0404 0404 0404 0404 0404 0404 0404 0404 0404 0404 0404 0404 0404 0404 0404 0404 0404 0404 0404 0404 0404 0404 0404 0404 0404 0404 0404 0404 0404 0404 0404 0404 0404 0404 0404 0404 0404 0404
 0404 0404 0404 0404 0404 0404 0404 0404 0404 0404 0404 0404 0404 0404 0404 0404 0404 0404 0404 0404 0404 0404 0404 0404 0404 0404 0404 0404 0404 0404 0404 0404 0404 0404 0404 0404 0404 0404 0404 0404 0404 0404 0404 0404 0404 0404 0404 0404 0404 0404 0404 0404 0404 0404 0404 0404 0404 0404 0404 0404
 0404 0404 0404 0404 0404 0404 0404 0404 0404 0404 0404 0404 0404 0404 0404 0404 0404 0404 0404 0404 0404 0404 0404 0404 0404 0404 0404 0404 0404 0404 0404 0404 0404 0404 0404 0404 0404 0404 0404 0404 0404 0404 0404 0404 0404 0404 0404 0404 0404 0404 0404 0404 0404 0404 0404 0404 0404 0404 0404 0404
 0404 0404 0404 0404 0404 0404 0404 0404 0404 0404 0404 0404 0404 0404 0404 0404 0404 0404 0404 0404 0404 0404 0404 0404 0404 0404 0404 0404 0404 0404 0404 0404 0404 0404 0404 0404 0404 0404 0404 0404 0404 0404 0404 0404 0404 0404 0404 0404 0404 0404 0404 0404 0404 0404 0404 0404 0404 0404 0404 0404
 0505 0505 0505 0505 0505 0505 0505 0505 0505 0505 0505 0505 0505 0505 0505 0505 0505 0505 0505 0505 0505 0505 0505 0505 0505 0505 0505 0505 0505 0505 0505 0505 0505 0505 0505 0505 0505 0505 0505 0505 0505 0505 0505 0505 0505 0505 0505 0505 0505 0505 0505 0505 0505 0505 0505 0505 0505 0505 0505 0505
 0505 0505 0505 0505 0505 0505 0505 0505 0505 0505 0505 0505 0505 0505 0505 0505 0505 0505 0505 0505 0505 0505 0505 0505 0505 0505 0505 0505 0505 0505 0505 0505 0505 0505 0505 0505 0505 0505 0505 0505 0505 0505 0505 0505 0505 0505 0505 0505 0505 0505 0505 0505 0505 0505 0505 0505 0505 0505 0505 0505
 0505 0505 0505 0505 0505 0505 0505 0505 0505 0505 0505 0505 0505 0505 0505 0505 0505 0505 0505 0505 0505 0505 0505 0505 0505 0505 0505 0505 0505 0505 0505 0505 0505 0505 0505 0505 0505 0505 0505 0505 0505 0505 0505 0505 0505 0505 0505 0505 0505 0505 0505 0505 0505 0505 0505 0505 0505 0505 0505 0505
 0505 0505 0505 0505 0505 0505 0505 0505 0505 0505 0505 0505 0505 0505 0505 0505 0505 0505 0505 0505 0505 0505 0505 0505 0505 0505 0505 0505 0505 0505 0505 0505 0505 0505 0505 0505 0505 0505 0505 0505 0505 0505 0505 0505 0505 0505 0505 0505 0505 0505 0505 0505 0505 0505 0505 0505 0505 0505 0505 0505
 0505 0505 0505 0505 0505 0505 0505 0505 0505 0505 0505 0505 0505 0505 0505 0505 0505 0505 0505 0505 0505 0505 0505 0505 0505 0505 0505 0505 0505 0505 0505 0505 0505 0505 0505 0505 0505 0505 0505 0505 0505 0505 0505 0505 0505 0505 0505 0505 0505 0505 0505 0505 0505 0505 0505 0505 0505 0505 0505 0505
 0505 0505 0505 0505 0505 0505 0505 0505 0505 0505 0505 0505 0505 0505 0505 0505 0505 0505 0505 0505 0505 0505 0505 0505 0505 0505 0505 0505 0505 0505 0505 0505 0505 0505 0505 0505 0505 0505 0505 0505 0505 0505 0505 0505 0505 0505 0505 0505 0505 0505 0505 0505 0505 0505 0505 0505 0505 0505 0505 0505
 0505 0505 0505 0505 0505 0505 0505 0505 0505 0505 0505 0505 0505 0505 0505 0505 0505 0505 0505 0505 0505 0505 0505 0505 0505 0505 0505 0505 0505 0505 0505 0505 0505 0505 0505 0505 0505 0505 0505 0505 0505 0505 0505 0505 0505 0505 0505 0505 0505 0505 0505 0505 0505 0505 0505 0505 0505 0505 0505 0505
 0505 0505 0505 0505 0505 0505 0505 0505 0505 0505 0505 0505 0505 0505 0505 0505 0505 0505 0505 0505 0505 0505 0505 0505 0505 0505 0505 0505 0505 0505 0505 0505 0505 0505 0505 0505 0505 0505 0505 0505 0505 0505 0505 0505 0505 0505 0505 0505 0505 0505 0505 0505 0505 0505 0505 0505 0505 0505 0505 0505
 0606 0606 0606 0606 0606 0606 0606 0606 0606 0606 0606 0606 0606 0606 0606 0606 0606 0606 0606 0606 0606 0606 0606 0606 0606 0606 0606 0606 0606 0606 0606 0606 0606 0606 0606 0606 0606 0606 0606 0606 0606 0606 0606 0606 0606 0606 0606 0606 0606 0606 0606 0606 0606 0606 0606 0606 0606 0606 0606 0606
 0606 0606 0606 0606 0606 0606 0606 0606 0606 0606 0606 0606 0606 0606 0606 0606 0606 0606 0606 0606 0606 0606 0606 0606 0606 0606 0606 0606 0606 0606 0606 0606 0606 0606 0606 0606 0606 0606 0606 0606 0606 0606 0606 0606 0606 0606 0606 0606 0606 0606 0606 0606 0606 0606 0606 0606 0606 0606 0606 0606
 0606 0606 0606 0606 0606 0606 0606 0606 0606 0606 0606 0606 0606 0606 0606 0606 0606 0606 0606 0606 0606 0606 0606 0606 0606 0606 0606 0606 0606 0606 0606 0606 0606 0606 0606 0606 0606 0606 0606 0606 0606 0606 0606 0606 0606 0606 0606 0606 0606 0606 0606 0606 0606 0606 0606 0606 0606 0606 0606 0606
 0606 0606 0606 0606 0606 0606 0606 0606 0606 0606 0606 0606 0606 0606 0606 0606 0606 0606 0606 0606 0606 0606 0606 0606 0606 0606 0606 0606 0606 0606 0606 0606 0606 0606 0606 0606 0606 0606 0606 0606 0606 0606 0606 0606 0606 0606 0606 0606 0606 0606 0606 0606 0606 0606 0606 0606 0606 0606 0606 0606
 0606 0606 0606 0606 0606 0606 0606 0606 0606 0606 0606 0606 0606 0606 0606 0606 0606 0606 0606 0606 0606 0606 0606 0606 0606 0606 0606 0606 0606 0606 0606 0606 0606 0606 0606 0606 0606 0606 0606 0606 0606 0606 0606 0606 0606 0606 0606 0606 0606 0606 0606 0606 0606 0606 0606 0606 0606 0606 0606 0606
 0606 0606 0606 0606 0606 0606 0606 0606 0606 0606 0606 0606 0606 0606 0606 0606 0606 0606 0606 0606 0606 0606 0606 0606 0606 0606 0606 0606 0606 0606 0606 0606 0606 0606 0606 0606 0606 0606 0606 0606 0606 0606 0606 0606 0606 0606 0606 0606 0606 0606 0606 0606 0606 0606 0606 0606 0606 0606 0606 0606
 0606 0606 0606 0606 0606 0606 0606 0606 0606 0606 0606 0606 0606 0606 0606 0606 0606 0606 0606 0606 0606 0606 0606 0606 0606 0606 0606 0606 0606 0606 0606 0606 0606 0606 0606 0606 0606 0606 0606 0606 0606 0606 0606 0606 0606 0606 0606 0606 0606 0606 0606 0606 0606 0606 0606 0606 0606 0606 0606 0606
 0606 0606 0606 0606 0606 0606 0606 0606 0606 0606 0606 0606 0606 0606 0606 0606 0606 0606 0606 0606 0606 0606 0606 0606 0606 0606 0606 0606 0606 0606 0606 0606 0606 0606 0606 0606 0606 0606 0606 0606 0606 0606 0606 0606 0606 0606 0606 0606 0606 0606 0606 0606 0606 0606 0606 0606 0606 0606 0606 0606
 0707 0707 0707 0707 0707 0707 0707 0707 0707 0707 0707 0707 0707 0707 0707 0707 0707 0707 0707 0707 0707 0707 0707 0707 0707 0707 0707 0707 0707 0707 0707 0707 0707 0707 0707 0707 0707 0707 0707 0707 0707 0707 0707 0707 0707 0707 0707 0707 0707 0707 0707 0707 0707 0707 0707 0707 0707 0707 0707 0707
 0707 0707 0707 0707 0707 0707 0707 0707 0707 0707 0707 0707 0707 0707 0707 0707 0707 0707 0707 0707 0707 0707 0707 0707 0707 0707 0707 0707 0707 0707 0707 0707 0707 0707 0707 0707 0707 0707 0707 0707 0707 0707 0707 0707 0707 0707 0707 0707 0707 0707 0707 0707 0707 0707 0707 0707 0707 0707 0707 0707
 0707 0707 0707 0707 0707 0707 0707 0707 0707 0707 0707 0707 0707 0707 0707 0707 0707 0707 0707 0707 0707 0707 0707 0707 0707 0707 0707 0707 0707 0707 0707 0707 0707 0707 0707 0707 0707 0707 0707 0707 0707 0707 0707 0707 0707 0707 0707 0707 0707 0707 0707 0707 0707 0707 0707 0707 0707 0707 0707 0707
 0707 0707 0707 0707 0707 0707 0707 0707 0707 0707 0707 0707 0707 0707 0707 0707 0707 0707 0707 0707 0707 0707 0707 0707 0707 0707 0707 0707 0707 0707 0707 0707 0707 0707 0707 0707 0707 0707 0707 0707 0707 0707 0707 0707 0707 0707 0707 0707 0707 0707 0707 0707 0707 0707 0707 0707 0707 0707 0707 0707
 0707 0707 0707 0707 0707 0707 0707 0707 0707 0707 0707 0707 0707 0707 0707 0707 0707 0707 0707 0707 0707 0707 0707 0707 0707 0707 0707 0707 0707 0707 0707 0707 0707 0707 0707 0707 0707 0707 0707 0707 0707 0707 0707 0707 0707 0707 0707 0707 0707 0707 0707 0707 0707 0707 0707 0707 0707 0707 0707 0707
 0707 0707 0707 0707 0707 0707 0707 0707 0707 0707 0707 0707 0707 0707 0707 0707 0707 0707 0707 0707 0707 0707 0707 0707 0707 0707 0707 0707 0707 0707 0707 0707 0707 0707 0707 0707 0707 0707 0707 0707 0707 0707 0707 0707 0707 0707 0707 0707 0707 0707 0707 0707 0707 0707 0707 0707 0707 0707 0707 0707
 0707 0707 0707 0707 0707 0707 0707 0707 0707 0707 0707 0707 0707 0707 0707 0707 0707 0707 0707 0707 0707 0707 0707 0707 0707 0707 0707 0707 0707 0707 0707 0707 0707 0707 0707 0707 0707 0707 0707 0707 0707 0707 0707 0707 0707 0707 0707 0707 0707 0707 0707 0707 0707 0707 0707 0707 0707 0707 0707 0707
 0707 0707 0707 0707 0707 0707 0707 0707 0707 0707 0707 0707 0707 0707 0707 0707 0707 0707 0707 0707 0707 0707 0707 0707 0707 0707 0707 0707 0707 0707 0707 0707 0707 0707 0707 0707 0707 0707 0707 0707 0707 0707 0707 0707 0707 0707 0707 0707 0707 0707 0707 0707 0707 0707 0707 0707 0707 0707 0707 0707
 0808 0808 0808 0808 0808 0808 0808 0808 0808 0808 0808 0808 0808 0808 0808 0808 0808 0808 0808 0808 0808 0808 0808 0808 0808 0808 0808 0808 0808 0808 0808 0808 0808 0808 0808 0808 0808 0808 0808 0808 0808 0808 0808 0808 0808 0808 0808 0808 0808 0808 0808 0808 0808 0808 0808 0808 0808 0808 0808 0808
 0808 0808 0808 0808 0808 0808 0808 0808 0808 0808 0808 0808 0808 0808 0808 0808 0808 0808 0808 0808 0808 0808 0808 0808 0808 0808 0808 0808 0808 0808 0808 0808 0808 0808 0808 0808 0808 0808 0808 0808 0808 0808 0808 0808 0808 0808 0808 0808 0808 0808 0808 0808 0808 0808 0808 0808 0808 0808 0808 0808
 0808 0808 0808 0808 0808 0808 0808 0808 0808 0808 0808 0808 0808 0808 0808 0808 0808 0808 0808 0808 0808 0808 0808 0808 0808 0808 0808 0808 0808 0808 0808 0808 0808 0808 0808 0808 0808 0808 0808 0808 0808 0808 0808 0808 0808 0808 0808 0808 0808 0808 0808 0808 0808 0808 0808 0808 0808 0808 0808 0808
 0808 0808 0808 0808 0808 0808 0808 0808 0808 0808 0808 0808 0808 0808 0808 0808 0808 0808 0808 0808 0808 0808 0808 0808 0808 0808 0808 0808 0808 0808 0808 0808 0808 0808 0808 0808 0808 0808 0808 0808 0808 0808 0808 0808 0808 0808 0808 0808 0808 0808 0808 0808 0808 0808 0808 0808 0808 0808 0808 0808
 0808 0808 0808 0808 0808 0808 0808 0808 0808 0808 0808 0808 0808 0808 0808 0808 0808 0808 0808 0808 0808 0808 0808 0808 0808 0808 0808 0808 0808 0808 0808 0808 0808 0808 0808 0808 0808 0808 0808 0808 0808 0808 0808 0808 0808 0808 0808 0808 0808 0808 0808 0808 0808 0808 0808 0808 0808 0808 0808 0808
 0808 0808 0808 0808 0808 0808 0808 0808 0808 0808 0808 0808 0808 0808 0808 0808 0808 0808 0808 0808 0808 0808 0808 0808 0808 0808 0808 0808 0808 0808 0808 0808 0808 0808 0808 0808 0808 0808 0808 0808 0808 0808 0808 0808 0808 0808 0808 0808 0808 0808 0808 0808 0808 0808 0808 0808 0808 0808 0808 0808
 0808 0808 0808 0808 0808 0808 0808 0808 0808 0808 0808 0808 0808 0808 0808 0808 0808 0808 0808 0808 0808 0808 0808 0808 0808 0808 0808 0808 0808 0808 0808 0808 0808 0808 0808 0808 0808 0808 0808 0808 0808 0808 0808 0808 0808 0808 0808 0808 0808 0808 0808 0808 0808 0808 0808 0808 0808 0808 0808 0808
 0808 0808 0808 0808 0808 0808 0808 0808 0808 0808 0808 0808 0808 0808 0808 0808 0808 0808 0808 0808 0808 0808 0808 0808 0808 0808 0808 0808 0808 0808 0808 0808 0808 0808 0808 0808 0808 0808 0808 0808 0808 0808 0808 0808 0808 0808 0808 0808 0808 0808 0808 0808 0808 0808 0808 0808 0808 0808 0808 0808

 0301010104 0301010104 0301010104 0301010104 0301010104 0301010104 0301010104 0301010104 0301010104 0301010104 0301010104 0301010104 0301010104 0301010104 0301010104 0301010104 0301010104 0301010104 0301010104 0301010104 0301010104 0301010104 0301010104 0301010104 0301010104 0301010104 0301010104 0301010104 0301010104 0301010104 0301010104 0301010104 0301010104 0301010104 0301010104 0301010104 0301010104 0301010104 0301010104 0301010104 0301010104 0301010104 0301010104 0301010104 0301010104 0301010104 0301010104 0301010104 0301010104 0301010104 0301010104 0301010104 0301010104 0301010104 0301010104 0301010104 0301010104 0301010104 0301010104 0301010104
 0301010104 0301010104 0301010104 0301010104 0301010104 0301010104 0301010104 0301010104 0301010104 0301010104 0301010104 0301010104 0301010104 0301010104 0301010104 0301010104 0301010104 0301010104 0301010104 0301010104 0301010104 0301010104 0301010104 0301010104 0301010104 0301010104 0301010104 0301010104 0301010104 0301010104 0301010104 0301010104 0301010104 0301010104 0301010104 0301010104 0301010104 0301010104 0301010104 0301010104 0301010104 0301010104 0301010104 0301010104 0301010104 0301010104 0301010104 0301010104 0301010104 0301010104 0301010104 0301010104 0301010104 0301010104 0301010104 0301010104 0301010104 0301010104 0301010104 0301010104
 0301010104 0301010104 0301010104 0301010104 0301010104 0301010104 0301010104 0301010104 0301010104 0301010104 0301010104 0301010104 0301010104 0301010104 0301010104 0301010104 0301010104 0301010104 0301010104 0301010104 0301010104 0301010104 0301010104 0301010104 0301010104 0301010104 0301010104 0301010104 0301010104 0301010104 0301010104 0301010104 0301010104 0301010104 0301010104 0301010104 0301010104 0301010104 0301010104 0301010104 0301010104 0301010104 0301010104 0301010104 0301010104 0301010104 0301010104 0301010104 0301010104 0301010104 0301010104 0301010104 0301010104 0301010104 0301010104 0301010104 0301010104 0301010104 0301010104 0301010104
 0301010104 0301010104 0301010104 0301010104 0301010104 0301010104 0301010104 0301010104 0301010104 0301010104 0301010104 0301010104 0301010104 0301010104 0301010104 0301010104 0301010104 0301010104 0301010104 0301010104 0301010104 0301010104 0301010104 0301010104 0301010104 0301010104 0301010104 0301010104 0301010104 0301010104 0301010104 0301010104 0301010104 0301010104 0301010104 0301010104 0301010104 0301010104 0301010104 0301010104 0301010104 0301010104 0301010104 0301010104 0301010104 0301010104 0301010104 0301010104 0301010104 0301010104 0301010104 0301010104 0301010104 0301010104 0301010104 0301010104 0301010104 0301010104 0301010104 0301010104
 0301010104 0301010104 0301010104 0301010104 0301010104 0301010104 0301010104 0301010104 0301010104 0301010104 0301010104 0301010104 0301010104 0301010104 0301010104 0301010104 0301010104 0301010104 0301010104 0301010104 0301010104 0301010104 0301010104 0301010104 0301010104 0301010104 0301010104 0301010104 0301010104 0301010104 0301010104 0301010104 0301010104 0301010104 0301010104 0301010104 0301010104 0301010104 0301010104 0301010104 0301010104 0301010104 0301010104 0301010104 0301010104 0301010104 0301010104 0301010104 0301010104 0301010104 0301010104 0301010104 0301010104 0301010104 0301010104 0301010104 0301010104 0301010104 0301010104 0301010104
 0301010104 0301010104 0301010104 0301010104 0301010104 0301010104 0301010104 0301010104 0301010104 0301010104 0301010104 0301010104 0301010104 0301010104 0301010104 0301010104 0301010104 0301010104 0301010104 0301010104 0301010104 0301010104 0301010104 0301010104 0301010104 0301010104 0301010104 0301010104 0301010104 0301010104 0301010104 0301010104 0301010104 0301010104 0301010104 0301010104 0301010104 0301010104 0301010104 0301010104 0301010104 0301010104 0301010104 0301010104 0301010104 0301010104 0301010104 0301010104 0301010104 0301010104 0301010104 0301010104 0301010104 0301010104 0301010104 0301010104 0301010104 0301010104 0301010104 0301010104
 0301010104 0301010104 0301010104 0301010104 0301010104 0301010104 0301010104 0301010104 0301010104 0301010104 0301010104 0301010104 0301010104 0301010104 0301010104 0301010104 0301010104 0301010104 0301010104 0301010104 0301010104 0301010104 0301010104 0301010104 0301010104 0301010104 0301010104 0301010104 0301010104 0301010104 0301010104 0301010104 0301010104 0301010104 0301010104 0301010104 0301010104 0301010104 0301010104 0301010104 0301010104 0301010104 0301010104 0301010104 0301010104 0301010104 0301010104 0301010104 0301010104 0301010104 0301010104 0301010104 0301010104 0301010104 0301010104 0301010104 0301010104 0301010104 0301010104 0301010104
 0301010104 0301010104 0301010104 0301010104 0301010104 0301010104 0301010104 0301010104 0301010104 0301010104 0301010104 0301010104 0301010104 0301010104 0301010104 0301010104 0301010104 0301010104 0301010104 0301010104 0301010104 0301010104 0301010104 0301010104 0301010104 0301010104 0301010104 0301010104 0301010104 0301010104 0301010104 0301010104 0301010104 0301010104 0301010104 0301010104 0301010104 0301010104 0301010104 0301010104 0301010104 0301010104 0301010104 0301010104 0301010104 0301010104 0301010104 0301010104 0301010104 0301010104 0301010104 0301010104 0301010104 0301010104 0301010104 0301010104 0301010104 0301010104 0301010104 0301010104
 0301010104 0301010104 0301010104 0301010104 0301010104 0301010104 0301010104 0301010104 0301010104 0301010104 0301010104 0301010104 0301010104 0301010104 0301010104 0301010104 0301010104 0301010104 0301010104 0301010104 0301010104 0301010104 0301010104 0301010104 0301010104 0301010104 0301010104 0301010104 0301010104 0301010104 0301010104 0301010104 0301010104 0301010104 0301010104 0301010104 0301010104 0301010104 0301010104 0301010104 0301010104 0301010104 0301010104 0301010104 0301010104 0301010104 0301010104 0301010104 0301010104 0301010104 0301010104 0301010104 0301010104 0301010104 0301010104 0301010104 0301010104 0301010104 0301010104 0301010104
 0301010104 0301010104 0301010104 0301010104 0301010104 0301010104 0301010104 0301010104 0301010104 0301010104 0301010104 0301010104 0301010104 0301010104 0301010104 0301010104 0301010104 0301010104 0301010104 0301010104 0301010104 0301010104 0301010104 0301010104 0301010104 0301010104 0301010104 0301010104 0301010104 0301010104 0301010104 0301010104 0301010104 0301010104 0301010104 0301010104 0301010104 0301010104 0301010104 0301010104 0301010104 0301010104 0301010104 0301010104 0301010104 0301010104 0301010104 0301010104 0301010104 0301010104 0301010104 0301010104 0301010104 0301010104 0301010104 0301010104 0301010104 0301010104 0301010104 0301010104
 0301010104 0301010104 0301010104 0301010104 0301010104 0301010104 0301010104 0301010104 0301010104 0301010104 0301010104 0301010104 0301010104 0301010104 0301010104 0301010104 0301010104 0301010104 0301010104 0301010104 0301010104 0301010104 0301010104 0301010104 0301010104 0301010104 0301010104 0301010104 0301010104 0301010104 0301010104 0301010104 0301010104 0301010104 0301010104 0301010104 0301010104 0301010104 0301010104 0301010104 0301010104 0301010104 0301010104 0301010104 0301010104 0301010104 0301010104 0301010104 0301010104 0301010104 0301010104 0301010104 0301010104 0301010104 0301010104 0301010104 0301010104 0301010104 0301010104 0301010104
 0301010104 0301010104 0301010104 0301010104 0301010104 0301010104 0301010104 0301010104 0301010104 0301010104 0301010104 0301010104 0301010104 0301010104 0301010104 0301010104 0301010104 0301010104 0301010104 0301010104 0301010104 0301010104 0301010104 0301010104 0301010104 0301010104 0301010104 0301010104 0301010104 0301010104 0301010104 0301010104 0301010104 0301010104 0301010104 0301010104 0301010104 0301010104 0301010104 0301010104 0301010104 0301010104 0301010104 0301010104 0301010104 0301010104 0301010104 0301010104 0301010104 0301010104 0301010104 0301010104 0301010104 0301010104 0301010104 0301010104 0301010104 0301010104 0301010104 0301010104
 0301010104 0301010104 0301010104 0301010104 0301010104 0301010104 0301010104 0301010104 0301010104 0301010104 0301010104 0301010104 0301010104 0301010104 0301010104 0301010104 0301010104 0301010104 0301010104 0301010104 0301010104 0301010104 0301010104 0301010104 0301010104 0301010104 0301010104 0301010104 0301010104 0301010104 0301010104 0301010104 0301010104 0301010104 0301010104 0301010104 0301010104 0301010104 0301010104 0301010104 0301010104 0301010104 0301010104 0301010104 0301010104 0301010104 0301010104 0301010104 0301010104 0301010104 0301010104 0301010104 0301010104 0301010104 0301010104 0301010104 0301010104 0301010104 0301010104 0301010104
 0301010104 0301010104 0301010104 0301010104 0301010104 0301010104 0301010104 0301010104 0301010104 0301010104 0301010104 0301010104 0301010104 0301010104 0301010104 0301010104 0301010104 0301010104 0301010104 0301010104 0301010104 0301010104 0301010104 0301010104 0301010104 0301010104 0301010104 0301010104 0301010104 0301010104 0301010104 0301010104 0301010104 0301010104 0301010104 0301010104 0301010104 0301010104 0301010104 0301010104 0301010104 0301010104 0301010104 0301010104 0301010104 0301010104 0301010104 0301010104 0301010104 0301010104 0301010104 0301010104 0301010104 0301010104 0301010104 0301010104 0301010104 0301010104 0301010104 0301010104
 0301010104 0301010104 0301010104 0301010104 0301010104 0301010104 0301010104 0301010104 0301010104 0301010104 0301010104 0301010104 0301010104 0301010104 0301010104 0301010104 0301010104 0301010104 0301010104 0301010104 0301010104 0301010104 0301010104 0301010104 0301010104 0301010104 0301010104 0301010104 0301010104 0301010104 0301010104 0301010104 0301010104 0301010104 0301010104 0301010104 0301010104 0301010104 0301010104 0301010104 0301010104 0301010104 0301010104 0301010104 0301010104 0301010104 0301010104 0301010104 0301010104 0301010104 0301010104 0301010104 0301010104 0301010104 0301010104 0301010104 0301010104 0301010104 0301010104 0301010104
 0301010104 0301010104 0301010104 0301010104 0301010104 0301010104 0301010104 0301010104 0301010104 0301010104 0301010104 0301010104 0301010104 0301010104 0301010104 0301010104 0301010104 0301010104 0301010104 0301010104 0301010104 0301010104 0301010104 0301010104 0301010104 0301010104 0301010104 0301010104 0301010104 0301010104 0301010104 0301010104 0301010104 0301010104 0301010104 0301010104 0301010104 0301010104 0301010104 0301010104 0301010104 0301010104 0301010104 0301010104 0301010104 0301010104 0301010104 0301010104 0301010104 0301010104 0301010104 0301010104 0301010104 0301010104 0301010104 0301010104 0301010104 0301010104 0301010104 0301010104
 0301010104 0301010104 0301010104 0301010104 0301010104 0301010104 0301010104 0301010104 0301010104 0301010104 0301010104 0301010104 0301010104 0301010104 0301010104 0301010104 0301010104 0301010104 0301010104 0301010104 0301010104 0301010104 0301010104 0301010104 0301010104 0301010104 0301010104 0301010104 0301010104 0301010104 0301010104 0301010104 0301010104 0301010104 0301010104 0301010104 0301010104 0301010104 0301010104 0301010104 0301010104 0301010104 0301010104 0301010104 0301010104 0301010104 0301010104 0301010104 0301010104 0301010104 0301010104 0301010104 0301010104 0301010104 0301010104 0301010104 0301010104 0301010104 0301010104 0301010104
 0301010104 0301010104 0301010104 0301010104 0301010104 0301010104 0301010104 0301010104 0301010104 0301010104 0301010104 0301010104 0301010104 0301010104 0301010104 0301010104 0301010104 0301010104 0301010104 0301010104 0301010104 0301010104 0301010104 0301010104 0301010104 0301010104 0301010104 0301010104 0301010104 0301010104 0301010104 0301010104 0301010104 0301010104 0301010104 0301010104 0301010104 0301010104 0301010104 0301010104 0301010104 0301010104 0301010104 0301010104 0301010104 0301010104 0301010104 0301010104 0301010104 0301010104 0301010104 0301010104 0301010104 0301010104 0301010104 0301010104 0301010104 0301010104 0301010104 0301010104
 0301010104 0301010104 0301010104 0301010104 0301010104 0301010104 0301010104 0301010104 0301010104 0301010104 0301010104 0301010104 0301010104 0301010104 0301010104 0301010104 0301010104 0301010104 0301010104 0301010104 0301010104 0301010104 0301010104 0301010104 0301010104 0301010104 0301010104 0301010104 0301010104 0301010104 0301010104 0301010104 0301010104 0301010104 0301010104 0301010104 0301010104 0301010104 0301010104 0301010104 0301010104 0301010104 0301010104 0301010104 0301010104 0301010104 0301010104 0301010104 0301010104 0301010104 0301010104 0301010104 0301010104 0301010104 0301010104 0301010104 0301010104 0301010104 0301010104 0301010104
 0301010104 0301010104 0301010104 0301010104 0301010104 0301010104 0301010104 0301010104 0301010104 0301010104 0301010104 0301010104 0301010104 0301010104 0301010104 0301010104 0301010104 0301010104 0301010104 0301010104 0301010104 0301010104 0301010104 0301010104 0301010104 0301010104 0301010104 0301010104 0301010104 0301010104 0301010104 0301010104 0301010104 0301010104 0301010104 0301010104 0301010104 0301010104 0301010104 0301010104 0301010104 0301010104 0301010104 0301010104 0301010104 0301010104 0301010104 0301010104 0301010104 0301010104 0301010104 0301010104 0301010104 0301010104 0301010104 0301010104 0301010104 0301010104 0301010104 0301010104
 0301010104 0301010104 0301010104 0301010104 0301010104 0301010104 0301010104 0301010104 0301010104 0301010104 0301010104 0301010104 0301010104 0301010104 0301010104 0301010104 0301010104 0301010104 0301010104 0301010104 0301010104 0301010104 0301010104 0301010104 0301010104 0301010104 0301010104 0301010104 0301010104 0301010104 0301010104 0301010104 0301010104 0301010104 0301010104 0301010104 0301010104 0301010104 0301010104 0301010104 0301010104 0301010104 0301010104 0301010104 0301010104 0301010104 0301010104 0301010104 0301010104 0301010104 0301010104 0301010104 0301010104 0301010104 0301010104 0301010104 0301010104 0301010104 0301010104 0301010104
 0301010104 0301010104 0301010104 0301010104 0301010104 0301010104 0301010104 0301010104 0301010104 0301010104 0301010104 0301010104 0301010104 0301010104 0301010104 0301010104 0301010104 0301010104 0301010104 0301010104 0301010104 0301010104 0301010104 0301010104 0301010104 0301010104 0301010104 0301010104 0301010104 0301010104 0301010104 0301010104 0301010104 0301010104 0301010104 0301010104 0301010104 0301010104 0301010104 0301010104 0301010104 0301010104 0301010104 0301010104 0301010104 0301010104 0301010104 0301010104 0301010104 0301010104 0301010104 0301010104 0301010104 0301010104 0301010104 0301010104 0301010104 0301010104 0301010104 0301010104
 0301010104 0301010104 0301010104 0301010104 0301010104 0301010104 0301010104 0301010104 0301010104 0301010104 0301010104 0301010104 0301010104 0301010104 0301010104 0301010104 0301010104 0301010104 0301010104 0301010104 0301010104 0301010104 0301010104 0301010104 0301010104 0301010104 0301010104 0301010104 0301010104 0301010104 0301010104 0301010104 0301010104 0301010104 0301010104 0301010104 0301010104 0301010104 0301010104 0301010104 0301010104 0301010104 0301010104 0301010104 0301010104 0301010104 0301010104 0301010104 0301010104 0301010104 0301010104 0301010104 0301010104 0301010104 0301010104 0301010104 0301010104 0301010104 0301010104 0301010104
 0301010104 0301010104 0301010104 0301010104 0301010104 0301010104 0301010104 0301010104 0301010104 0301010104 0301010104 0301010104 0301010104 0301010104 0301010104 0301010104 0301010104 0301010104 0301010104 0301010104 0301010104 0301010104 0301010104 0301010104 0301010104 0301010104 0301010104 0301010104 0301010104 0301010104 0301010104 0301010104 0301010104 0301010104 0301010104 0301010104 0301010104 0301010104 0301010104 0301010104 0301010104 0301010104 0301010104 0301010104 0301010104 0301010104 0301010104 0301010104 0301010104 0301010104 0301010104 0301010104 0301010104 0301010104 0301010104 0301010104 0301010104 0301010104 0301010104 0301010104
 0301010104 0301010104 0301010104 0301010104 0301010104 0301010104 0301010104 0301010104 0301010104 0301010104 0301010104 0301010104 0301010104 0301010104 0301010104 0301010104 0301010104 0301010104 0301010104 0301010104 0301010104 0301010104 0301010104 0301010104 0301010104 0301010104 0301010104 0301010104 0301010104 0301010104 0301010104 0301010104 0301010104 0301010104 0301010104 0301010104 0301010104 0301010104 0301010104 0301010104 0301010104 0301010104 0301010104 0301010104 0301010104 0301010104 0301010104 0301010104 0301010104 0301010104 0301010104 0301010104 0301010104 0301010104 0301010104 0301010104 0301010104 0301010104 0301010104 0301010104
 0301010104 0301010104 0301010104 0301010104 0301010104 0301010104 0301010104 0301010104 0301010104 0301010104 0301010104 0301010104 0301010104 0301010104 0301010104 0301010104 0301010104 0301010104 0301010104 0301010104 0301010104 0301010104 0301010104 0301010104 0301010104 0301010104 0301010104 0301010104 0301010104 0301010104 0301010104 0301010104 0301010104 0301010104 0301010104 0301010104 0301010104 0301010104 0301010104 0301010104 0301010104 0301010104 0301010104 0301010104 0301010104 0301010104 0301010104 0301010104 0301010104 0301010104 0301010104 0301010104 0301010104 0301010104 0301010104 0301010104 0301010104 0301010104 0301010104 0301010104
 0301010104 0301010104 0301010104 0301010104 0301010104 0301010104 0301010104 0301010104 0301010104 0301010104 0301010104 0301010104 0301010104 0301010104 0301010104 0301010104 0301010104 0301010104 0301010104 0301010104 0301010104 0301010104 0301010104 0301010104 0301010104 0301010104 0301010104 0301010104 0301010104 0301010104 0301010104 0301010104 0301010104 0301010104 0301010104 0301010104 0301010104 0301010104 0301010104 0301010104 0301010104 0301010104 0301010104 0301010104 0301010104 0301010104 0301010104 0301010104 0301010104 0301010104 0301010104 0301010104 0301010104 0301010104 0301010104 0301010104 0301010104 0301010104 0301010104 0301010104
 0301010104 0301010104 0301010104 0301010104 0301010104 0301010104 0301010104 0301010104 0301010104 0301010104 0301010104 0301010104 0301010104 0301010104 0301010104 0301010104 0301010104 0301010104 0301010104 0301010104 0301010104 0301010104 0301010104 0301010104 0301010104 0301010104 0301010104 0301010104 0301010104 0301010104 0301010104 0301010104 0301010104 0301010104 0301010104 0301010104 0301010104 0301010104 0301010104 0301010104 0301010104 0301010104 0301010104 0301010104 0301010104 0301010104 0301010104 0301010104 0301010104 0301010104 0301010104 0301010104 0301010104 0301010104 0301010104 0301010104 0301010104 0301010104 0301010104 0301010104
 0301010104 0301010104 0301010104 0301010104 0301010104 0301010104 0301010104 0301010104 0301010104 0301010104 0301010104 0301010104 0301010104 0301010104 0301010104 0301010104 0301010104 0301010104 0301010104 0301010104 0301010104 0301010104 0301010104 0301010104 0301010104 0301010104 0301010104 0301010104 0301010104 0301010104 0301010104 0301010104 0301010104 0301010104 0301010104 0301010104 0301010104 0301010104 0301010104 0301010104 0301010104 0301010104 0301010104 0301010104 0301010104 0301010104 0301010104 0301010104 0301010104 0301010104 0301010104 0301010104 0301010104 0301010104 0301010104 0301010104 0301010104 0301010104 0301010104 0301010104
 0301010104 0301010104 0301010104 0301010104 0301010104 0301010104 0301010104 0301010104 0301010104 0301010104 0301010104 0301010104 0301010104 0301010104 0301010104 0301010104 0301010104 0301010104 0301010104 0301010104 0301010104 0301010104 0301010104 0301010104 0301010104 0301010104 0301010104 0301010104 0301010104 0301010104 0301010104 0301010104 0301010104 0301010104 0301010104 0301010104 0301010104 0301010104 0301010104 0301010104 0301010104 0301010104 0301010104 0301010104 0301010104 0301010104 0301010104 0301010104 0301010104 0301010104 0301010104 0301010104 0301010104 0301010104 0301010104 0301010104 0301010104 0301010104 0301010104 0301010104
 0301010104 0301010104 0301010104 0301010104 0301010104 0301010104 0301010104 0301010104 0301010104 0301010104 0301010104 0301010104 0301010104 0301010104 0301010104 0301010104 0301010104 0301010104 0301010104 0301010104 0301010104 0301010104 0301010104 0301010104 0301010104 0301010104 0301010104 0301010104 0301010104 0301010104 0301010104 0301010104 0301010104 0301010104 0301010104 0301010104 0301010104 0301010104 0301010104 0301010104 0301010104 0301010104 0301010104 0301010104 0301010104 0301010104 0301010104 0301010104 0301010104 0301010104 0301010104 0301010104 0301010104 0301010104 0301010104 0301010104 0301010104 0301010104 0301010104 0301010104
 0301010104 0301010104 0301010104 0301010104 0301010104 0301010104 0301010104 0301010104 0301010104 0301010104 0301010104 0301010104 0301010104 0301010104 0301010104 0301010104 0301010104 0301010104 0301010104 0301010104 0301010104 0301010104 0301010104 0301010104 0301010104 0301010104 0301010104 0301010104 0301010104 0301010104 0301010104 0301010104 0301010104 0301010104 0301010104 0301010104 0301010104 0301010104 0301010104 0301010104 0301010104 0301010104 0301010104 0301010104 0301010104 0301010104 0301010104 0301010104 0301010104 0301010104 0301010104 0301010104 0301010104 0301010104 0301010104 0301010104 0301010104 0301010104 0301010104 0301010104
 0301010104 0301010104 0301010104 0301010104 0301010104 0301010104 0301010104 0301010104 0301010104 0301010104 0301010104 0301010104 0301010104 0301010104 0301010104 0301010104 0301010104 0301010104 0301010104 0301010104 0301010104 0301010104 0301010104 0301010104 0301010104 0301010104 0301010104 0301010104 0301010104 0301010104 0301010104 0301010104 0301010104 0301010104 0301010104 0301010104 0301010104 0301010104 0301010104 0301010104 0301010104 0301010104 0301010104 0301010104 0301010104 0301010104 0301010104 0301010104 0301010104 0301010104 0301010104 0301010104 0301010104 0301010104 0301010104 0301010104 0301010104 0301010104 0301010104 0301010104
 0301010104 0301010104 0301010104 0301010104 0301010104 0301010104 0301010104 0301010104 0301010104 0301010104 0301010104 0301010104 0301010104 0301010104 0301010104 0301010104 0301010104 0301010104 0301010104 0301010104 0301010104 0301010104 0301010104 0301010104 0301010104 0301010104 0301010104 0301010104 0301010104 0301010104 0301010104 0301010104 0301010104 0301010104 0301010104 0301010104 0301010104 0301010104 0301010104 0301010104 0301010104 0301010104 0301010104 0301010104 0301010104 0301010104 0301010104 0301010104 0301010104 0301010104 0301010104 0301010104 0301010104 0301010104 0301010104 0301010104 0301010104 0301010104 0301010104 0301010104
 0301010104 0301010104 0301010104 0301010104 0301010104 0301010104 0301010104 0301010104 0301010104 0301010104 0301010104 0301010104 0301010104 0301010104 0301010104 0301010104 0301010104 0301010104 0301010104 0301010104 0301010104 0301010104 0301010104 0301010104 0301010104 0301010104 0301010104 0301010104 0301010104 0301010104 0301010104 0301010104 0301010104 0301010104 0301010104 0301010104 0301010104 0301010104 0301010104 0301010104 0301010104 0301010104 0301010104 0301010104 0301010104 0301010104 0301010104 0301010104 0301010104 0301010104 0301010104 0301010104 0301010104 0301010104 0301010104 0301010104 0301010104 0301010104 0301010104 0301010104
 0301010104 0301010104 0301010104 0301010104 0301010104 0301010104 0301010104 0301010104 0301010104 0301010104 0301010104 0301010104 0301010104 0301010104 0301010104 0301010104 0301010104 0301010104 0301010104 0301010104 0301010104 0301010104 0301010104 0301010104 0301010104 0301010104 0301010104 0301010104 0301010104 0301010104 0301010104 0301010104 0301010104 0301010104 0301010104 0301010104 0301010104 0301010104 0301010104 0301010104 0301010104 0301010104 0301010104 0301010104 0301010104 0301010104 0301010104 0301010104 0301010104 0301010104 0301010104 0301010104 0301010104 0301010104 0301010104 0301010104 0301010104 0301010104 0301010104 0301010104
 0301010104 0301010104 0301010104 0301010104 0301010104 0301010104 0301010104 0301010104 0301010104 0301010104 0301010104 0301010104 0301010104 0301010104 0301010104 0301010104 0301010104 0301010104 0301010104 0301010104 0301010104 0301010104 0301010104 0301010104 0301010104 0301010104 0301010104 0301010104 0301010104 0301010104 0301010104 0301010104 0301010104 0301010104 0301010104 0301010104 0301010104 0301010104 0301010104 0301010104 0301010104 0301010104 0301010104 0301010104 0301010104 0301010104 0301010104 0301010104 0301010104 0301010104 0301010104 0301010104 0301010104 0301010104 0301010104 0301010104 0301010104 0301010104 0301010104 0301010104
 0301010104 0301010104 0301010104 0301010104 0301010104 0301010104 0301010104 0301010104 0301010104 0301010104 0301010104 0301010104 0301010104 0301010104 0301010104 0301010104 0301010104 0301010104 0301010104 0301010104 0301010104 0301010104 0301010104 0301010104 0301010104 0301010104 0301010104 0301010104 0301010104 0301010104 0301010104 0301010104 0301010104 0301010104 0301010104 0301010104 0301010104 0301010104 0301010104 0301010104 0301010104 0301010104 0301010104 0301010104 0301010104 0301010104 0301010104 0301010104 0301010104 0301010104 0301010104 0301010104 0301010104 0301010104 0301010104 0301010104 0301010104 0301010104 0301010104 0301010104
 0301010104 0301010104 0301010104 0301010104 0301010104 0301010104 0301010104 0301010104 0301010104 0301010104 0301010104 0301010104 0301010104 0301010104 0301010104 0301010104 0301010104 0301010104 0301010104 0301010104 0301010104 0301010104 0301010104 0301010104 0301010104 0301010104 0301010104 0301010104 0301010104 0301010104 0301010104 0301010104 0301010104 0301010104 0301010104 0301010104 0301010104 0301010104 0301010104 0301010104 0301010104 0301010104 0301010104 0301010104 0301010104 0301010104 0301010104 0301010104 0301010104 0301010104 0301010104 0301010104 0301010104 0301010104 0301010104 0301010104 0301010104 0301010104 0301010104 0301010104
 0301010104 0301010104 0301010104 0301010104 0301010104 0301010104 0301010104 0301010104 0301010104 0301010104 0301010104 0301010104 0301010104 0301010104 0301010104 0301010104 0301010104 0301010104 0301010104 0301010104 0301010104 0301010104 0301010104 0301010104 0301010104 0301010104 0301010104 0301010104 0301010104 0301010104 0301010104 0301010104 0301010104 0301010104 0301010104 0301010104 0301010104 0301010104 0301010104 0301010104 0301010104 0301010104 0301010104 0301010104 0301010104 0301010104 0301010104 0301010104 0301010104 0301010104 0301010104 0301010104 0301010104 0301010104 0301010104 0301010104 0301010104 0301010104 0301010104 0301010104
 0301010104 0301010104 0301010104 0301010104 0301010104 0301010104 0301010104 0301010104 0301010104 0301010104 0301010104 0301010104 0301010104 0301010104 0301010104 0301010104 0301010104 0301010104 0301010104 0301010104 0301010104 0301010104 0301010104 0301010104 0301010104 0301010104 0301010104 0301010104 0301010104 0301010104 0301010104 0301010104 0301010104 0301010104 0301010104 0301010104 0301010104 0301010104 0301010104 0301010104 0301010104 0301010104 0301010104 0301010104 0301010104 0301010104 0301010104 0301010104 0301010104 0301010104 0301010104 0301010104 0301010104 0301010104 0301010104 0301010104 0301010104 0301010104 0301010104 0301010104
 0301010104 0301010104 0301010104 0301010104 0301010104 0301010104 0301010104 0301010104 0301010104 0301010104 0301010104 0301010104 0301010104 0301010104 0301010104 0301010104 0301010104 0301010104 0301010104 0301010104 0301010104 0301010104 0301010104 0301010104 0301010104 0301010104 0301010104 0301010104 0301010104 0301010104 0301010104 0301010104 0301010104 0301010104 0301010104 0301010104 0301010104 0301010104 0301010104 0301010104 0301010104 0301010104 0301010104 0301010104 0301010104 0301010104 0301010104 0301010104 0301010104 0301010104 0301010104 0301010104 0301010104 0301010104 0301010104 0301010104 0301010104 0301010104 0301010104 0301010104
 0301010104 0301010104 0301010104 0301010104 0301010104 0301010104 0301010104 0301010104 0301010104 0301010104 0301010104 0301010104 0301010104 0301010104 0301010104 0301010104 0301010104 0301010104 0301010104 0301010104 0301010104 0301010104 0301010104 0301010104 0301010104 0301010104 0301010104 0301010104 0301010104 0301010104 0301010104 0301010104 0301010104 0301010104 0301010104 0301010104 0301010104 0301010104 0301010104 0301010104 0301010104 0301010104 0301010104 0301010104 0301010104 0301010104 0301010104 0301010104 0301010104 0301010104 0301010104 0301010104 0301010104 0301010104 0301010104 0301010104 0301010104 0301010104 0301010104 0301010104
 0301010104 0301010104 0301010104 0301010104 0301010104 0301010104 0301010104 0301010104 0301010104 0301010104 0301010104 0301010104 0301010104 0301010104 0301010104 0301010104 0301010104 0301010104 0301010104 0301010104 0301010104 0301010104 0301010104 0301010104 0301010104 0301010104 0301010104 0301010104 0301010104 0301010104 0301010104 0301010104 0301010104 0301010104 0301010104 0301010104 0301010104 0301010104 0301010104 0301010104 0301010104 0301010104 0301010104 0301010104 0301010104 0301010104 0301010104 0301010104 0301010104 0301010104 0301010104 0301010104 0301010104 0301010104 0301010104 0301010104 0301010104 0301010104 0301010104 0301010104
 0301010104 0301010104 0301010104 0301010104 0301010104 0301010104 0301010104 0301010104 0301010104 0301010104 0301010104 0301010104 0301010104 0301010104 0301010104 0301010104 0301010104 0301010104 0301010104 0301010104 0301010104 0301010104 0301010104 0301010104 0301010104 0301010104 0301010104 0301010104 0301010104 0301010104 0301010104 0301010104 0301010104 0301010104 0301010104 0301010104 0301010104 0301010104 0301010104 0301010104 0301010104 0301010104 0301010104 0301010104 0301010104 0301010104 0301010104 0301010104 0301010104 0301010104 0301010104 0301010104 0301010104 0301010104 0301010104 0301010104 0301010104 0301010104 0301010104 0301010104
 0301010104 0301010104 0301010104 0301010104 0301010104 0301010104 0301010104 0301010104 0301010104 0301010104 0301010104 0301010104 0301010104 0301010104 0301010104 0301010104 0301010104 0301010104 0301010104 0301010104 0301010104 0301010104 0301010104 0301010104 0301010104 0301010104 0301010104 0301010104 0301010104 0301010104 0301010104 0301010104 0301010104 0301010104 0301010104 0301010104 0301010104 0301010104 0301010104 0301010104 0301010104 0301010104 0301010104 0301010104 0301010104 0301010104 0301010104 0301010104 0301010104 0301010104 0301010104 0301010104 0301010104 0301010104 0301010104 0301010104 0301010104 0301010104 0301010104 0301010104
 0301010104 0301010104 0301010104 0301010104 0301010104 0301010104 0301010104 0301010104 0301010104 0301010104 0301010104 0301010104 0301010104 0301010104 0301010104 0301010104 0301010104 0301010104 0301010104 0301010104 0301010104 0301010104 0301010104 0301010104 0301010104 0301010104 0301010104 0301010104 0301010104 0301010104 0301010104 0301010104 0301010104 0301010104 0301010104 0301010104 0301010104 0301010104 0301010104 0301010104 0301010104 0301010104 0301010104 0301010104 0301010104 0301010104 0301010104 0301010104 0301010104 0301010104 0301010104 0301010104 0301010104 0301010104 0301010104 0301010104 0301010104 0301010104 0301010104 0301010104
 0301010104 0301010104 0301010104 0301010104 0301010104 0301010104 0301010104 0301010104 0301010104 0301010104 0301010104 0301010104 0301010104 0301010104 0301010104 0301010104 0301010104 0301010104 0301010104 0301010104 0301010104 0301010104 0301010104 0301010104 0301010104 0301010104 0301010104 0301010104 0301010104 0301010104 0301010104 0301010104 0301010104 0301010104 0301010104 0301010104 0301010104 0301010104 0301010104 0301010104 0301010104 0301010104 0301010104 0301010104 0301010104 0301010104 0301010104 0301010104 0301010104 0301010104 0301010104 0301010104 0301010104 0301010104 0301010104 0301010104 0301010104 0301010104 0301010104 0301010104
 0301010104 0301010104 0301010104 0301010104 0301010104 0301010104 0301010104 0301010104 0301010104 0301010104 0301010104 0301010104 0301010104 0301010104 0301010104 0301010104 0301010104 0301010104 0301010104 0301010104 0301010104 0301010104 0301010104 0301010104 0301010104 0301010104 0301010104 0301010104 0301010104 0301010104 0301010104 0301010104 0301010104 0301010104 0301010104 0301010104 0301010104 0301010104 0301010104 0301010104 0301010104 0301010104 0301010104 0301010104 0301010104 0301010104 0301010104 0301010104 0301010104 0301010104 0301010104 0301010104 0301010104 0301010104 0301010104 0301010104 0301010104 0301010104 0301010104 0301010104
 0301010104 0301010104 0301010104 0301010104 0301010104 0301010104 0301010104 0301010104 0301010104 0301010104 0301010104 0301010104 0301010104 0301010104 0301010104 0301010104 0301010104 0301010104 0301010104 0301010104 0301010104 0301010104 0301010104 0301010104 0301010104 0301010104 0301010104 0301010104 0301010104 0301010104 0301010104 0301010104 0301010104 0301010104 0301010104 0301010104 0301010104 0301010104 0301010104 0301010104 0301010104 0301010104 0301010104 0301010104 0301010104 0301010104 0301010104 0301010104 0301010104 0301010104 0301010104 0301010104 0301010104 0301010104 0301010104 0301010104 0301010104 0301010104 0301010104 0301010104
 0301010104 0301010104 0301010104 0301010104 0301010104 0301010104 0301010104 0301010104 0301010104 0301010104 0301010104 0301010104 0301010104 0301010104 0301010104 0301010104 0301010104 0301010104 0301010104 0301010104 0301010104 0301010104 0301010104 0301010104 0301010104 0301010104 0301010104 0301010104 0301010104 0301010104 0301010104 0301010104 0301010104 0301010104 0301010104 0301010104 0301010104 0301010104 0301010104 0301010104 0301010104 0301010104 0301010104 0301010104 0301010104 0301010104 0301010104 0301010104 0301010104 0301010104 0301010104 0301010104 0301010104 0301010104 0301010104 0301010104 0301010104 0301010104 0301010104 0301010104
 0301010104 0301010104 0301010104 0301010104 0301010104 0301010104 0301010104 0301010104 0301010104 0301010104 0301010104 0301010104 0301010104 0301010104 0301010104 0301010104 0301010104 0301010104 0301010104 0301010104 0301010104 0301010104 0301010104 0301010104 0301010104 0301010104 0301010104 0301010104 0301010104 0301010104 0301010104 0301010104 0301010104 0301010104 0301010104 0301010104 0301010104 0301010104 0301010104 0301010104 0301010104 0301010104 0301010104 0301010104 0301010104 0301010104 0301010104 0301010104 0301010104 0301010104 0301010104 0301010104 0301010104 0301010104 0301010104 0301010104 0301010104 0301010104 0301010104 0301010104
 0301010104 0301010104 0301010104 0301010104 0301010104 0301010104 0301010104 0301010104 0301010104 0301010104 0301010104 0301010104 0301010104 0301010104 0301010104 0301010104 0301010104 0301010104 0301010104 0301010104 0301010104 0301010104 0301010104 0301010104 0301010104 0301010104 0301010104 0301010104 0301010104 0301010104 0301010104 0301010104 0301010104 0301010104 0301010104 0301010104 0301010104 0301010104 0301010104 0301010104 0301010104 0301010104 0301010104 0301010104 0301010104 0301010104 0301010104 0301010104 0301010104 0301010104 0301010104 0301010104 0301010104 0301010104 0301010104 0301010104 0301010104 0301010104 0301010104 0301010104
 0301010104 0301010104 0301010104 0301010104 0301010104 0301010104 0301010104 0301010104 0301010104 0301010104 0301010104 0301010104 0301010104 0301010104 0301010104 0301010104 0301010104 0301010104 0301010104 0301010104 0301010104 0301010104 0301010104 0301010104 0301010104 0301010104 0301010104 0301010104 0301010104 0301010104 0301010104 0301010104 0301010104 0301010104 0301010104 0301010104 0301010104 0301010104 0301010104 0301010104 0301010104 0301010104 0301010104 0301010104 0301010104 0301010104 0301010104 0301010104 0301010104 0301010104 0301010104 0301010104 0301010104 0301010104 0301010104 0301010104 0301010104 0301010104 0301010104 0301010104
 0301010104 0301010104 0301010104 0301010104 0301010104 0301010104 0301010104 0301010104 0301010104 0301010104 0301010104 0301010104 0301010104 0301010104 0301010104 0301010104 0301010104 0301010104 0301010104 0301010104 0301010104 0301010104 0301010104 0301010104 0301010104 0301010104 0301010104 0301010104 0301010104 0301010104 0301010104 0301010104 0301010104 0301010104 0301010104 0301010104 0301010104 0301010104 0301010104 0301010104 0301010104 0301010104 0301010104 0301010104 0301010104 0301010104 0301010104 0301010104 0301010104 0301010104 0301010104 0301010104 0301010104 0301010104 0301010104 0301010104 0301010104 0301010104 0301010104 0301010104
 0301010104 0301010104 0301010104 0301010104 0301010104 0301010104 0301010104 0301010104 0301010104 0301010104 0301010104 0301010104 0301010104 0301010104 0301010104 0301010104 0301010104 0301010104 0301010104 0301010104 0301010104 0301010104 0301010104 0301010104 0301010104 0301010104 0301010104 0301010104 0301010104 0301010104 0301010104 0301010104 0301010104 0301010104 0301010104 0301010104 0301010104 0301010104 0301010104 0301010104 0301010104 0301010104 0301010104 0301010104 0301010104 0301010104 0301010104 0301010104 0301010104 0301010104 0301010104 0301010104 0301010104 0301010104 0301010104 0301010104 0301010104 0301010104 0301010104 0301010104
 0301010104 0301010104 0301010104 0301010104 0301010104 0301010104 0301010104 0301010104 0301010104 0301010104 0301010104 0301010104 0301010104 0301010104 0301010104 0301010104 0301010104 0301010104 0301010104 0301010104 0301010104 0301010104 0301010104 0301010104 0301010104 0301010104 0301010104 0301010104 0301010104 0301010104 0301010104 0301010104 0301010104 0301010104 0301010104 0301010104 0301010104 0301010104 0301010104 0301010104 0301010104 0301010104 0301010104 0301010104 0301010104 0301010104 0301010104 0301010104 0301010104 0301010104 0301010104 0301010104 0301010104 0301010104 0301010104 0301010104 0301010104 0301010104 0301010104 0301010104
 0301010104 0301010104 0301010104 0301010104 0301010104 0301010104 0301010104 0301010104 0301010104 0301010104 0301010104 0301010104 0301010104 0301010104 0301010104 0301010104 0301010104 0301010104 0301010104 0301010104 0301010104 0301010104 0301010104 0301010104 0301010104 0301010104 0301010104 0301010104 0301010104 0301010104 0301010104 0301010104 0301010104 0301010104 0301010104 0301010104 0301010104 0301010104 0301010104 0301010104 0301010104 0301010104 0301010104 0301010104 0301010104 0301010104 0301010104 0301010104 0301010104 0301010104 0301010104 0301010104 0301010104 0301010104 0301010104 0301010104 0301010104 0301010104 0301010104 0301010104
 0301010104 0301010104 0301010104 0301010104 0301010104 0301010104 0301010104 0301010104 0301010104 0301010104 0301010104 0301010104 0301010104 0301010104 0301010104 0301010104 0301010104 0301010104 0301010104 0301010104 0301010104 0301010104 0301010104 0301010104 0301010104 0301010104 0301010104 0301010104 0301010104 0301010104 0301010104 0301010104 0301010104 0301010104 0301010104 0301010104 0301010104 0301010104 0301010104 0301010104 0301010104 0301010104 0301010104 0301010104 0301010104 0301010104 0301010104 0301010104 0301010104 0301010104 0301010104 0301010104 0301010104 0301010104 0301010104 0301010104 0301010104 0301010104 0301010104 0301010104
 0301010104 0301010104 0301010104 0301010104 0301010104 0301010104 0301010104 0301010104 0301010104 0301010104 0301010104 0301010104 0301010104 0301010104 0301010104 0301010104 0301010104 0301010104 0301010104 0301010104 0301010104 0301010104 0301010104 0301010104 0301010104 0301010104 0301010104 0301010104 0301010104 0301010104 0301010104 0301010104 0301010104 0301010104 0301010104 0301010104 0301010104 0301010104 0301010104 0301010104 0301010104 0301010104 0301010104 0301010104 0301010104 0301010104 0301010104 0301010104 0301010104 0301010104 0301010104 0301010104 0301010104 0301010104 0301010104 0301010104 0301010104 0301010104 0301010104 0301010104

 2000.000 2000.000 2000.000 2000.000 2000.000 2000.000 2000.000 2000.000 2000.000 2000.000 2000.000 2000.000 2000.000 2000.000 2000.000 2000.000 2000.000 2000.000 2000.000 2000.000 2000.000 2000.000 2000.000 2000.000 2000.000 2000.000 2000.000 2000.000 2000.000 2000.000 2000.000 2000.000 2000.000 2000.000 2000.000 2000.000 2000.000 2000.000 2000.000 2000.000 2000.000 2000.000 2000.000 2000.000 2000.000 2000.000 2000.000 2000.000 2000.000 2000.000 2000.000 2000.000 2000.000 2000.000 2000.000 2000.000 2000.000 2000.000 2000.000 2000.000
 2000.000 2000.000 2000.000 2000.000 2000.000 2000.000 2000.000 2000.000 2000.000 2000.000 2000.000 2000.000 2000.000 2000.000 2000.000 2000.000 2000.000 2000.000 2000.000 2000.000 2000.000 2000.000 2000.000 2000.000 2000.000 2000.000 2000.000 2000.000 2000.000 2000.000 2000.000 2000.000 2000.000 2000.000 2000.000 2000.000 2000.000 2000.000 2000.000 2000.000 2000.000 2000.000 2000.000 2000.000 2000.000 2000.000 2000.000 2000.000 2000.000 2000.000 2000.000 2000.000 2000.000 2000.000 2000.000 2000.000 2000.000 2000.000 2000.000 2000.000
 1.000
 8 1.000e-001 1.000e-002 1.000e-002 1.000e-002 1.000e-002 1.000e-002 1.000e-002 1.000e-002
 8 1.800e+000 2.500e+000 2.400e+000 2.500e+000 2.600e+000 2.700e+000 2.800e+000 2.900e+000
 8 1.200e+003 1.200e+003 1.200e+003 1.200e+003 1.200e+003 1.200e+003 1.200e+003 1.200e+003
 8 1.200e+003 1.200e+003 1.200e+003 1.200e+003 1.200e+003 1.200e+003 1.200e+003 1.200e+003
 8 0.000e+000 0.000e+000 0.000e+000 0.000e+000 0.000e+000 0.000e+000 0.000e+000 0.000e+000
 8 2.500e-002 2.500e-002 2.500e-002 2.500e-002 2.500e-002 2.500e-002 2.500e-002 2.500e-002
