  60  60   1
 27.00    5010000.000
Sea	floor																																																											            
   1370.10       .00       .00       .00       .00       .00       .00       .00       .00       .00       .00       .00       .00       .00       .00       .00       .00       .00       .00       .00       .00       .00       .00       .00       .00       .00       .00       .00       .00       .00       .00       .00       .00       .00       .00       .00       .00       .00       .00       .00       .00       .00       .00       .00       .00       .00       .00       .00       .00       .00       .00       .00       .00       .00       .00       .00       .00       .00       .00       .00
   1370.90    949.32    732.32    600.24    514.42    455.02    411.70    378.73    352.75    331.68    314.21    299.42    286.71    275.62    265.84    257.12    249.27    242.16    235.66    229.69    224.17    219.04    214.25    209.76    205.52    201.49    197.66    193.99    190.46    187.04    183.70    180.44    177.22    174.02    170.84    167.64    164.42    161.15    157.82    154.42    150.94    147.36    143.69    139.91    136.03    132.05    127.97    123.79    119.54    115.22    110.84    106.43    102.01     97.60     93.23     88.94     84.79     80.89     77.50     75.19
   1371.69   1233.85   1097.98    982.89    889.93    815.48    755.46    706.41    665.71    631.43    602.13    576.77    554.55    534.88    517.31    501.47    487.11    473.99    461.92    450.78    440.43    430.77    421.71    413.17    405.09    397.41    390.08    383.03    376.23    369.63    363.18    356.85    350.61    344.40    338.19    331.95    325.65    319.25    312.72    306.05    299.21    292.18    284.95    277.51    269.86    262.01    253.95    245.71    237.31    228.77    220.13    211.42    202.68    193.96    185.32    176.84    168.64    160.96    154.28    149.75
   1372.48   1322.44   1257.30   1188.28   1122.11   1061.64   1007.59    959.73    917.41    879.90    846.50    816.61    789.70    765.33    743.14    722.84    704.15    686.89    670.86    655.92    641.93    628.79    616.38    604.63    593.45    582.77    572.52    562.64    553.06    543.73    534.59    525.59    516.66    507.77    498.85    489.86    480.75    471.49    462.02    452.32    442.36    432.10    421.54    410.66    399.46    387.94    376.13    364.03    351.69    339.15    326.44    313.62    300.76    287.93    275.22    262.75    250.72    239.49    229.79    223.28
   1373.27   1351.03   1319.22   1280.78   1239.20   1197.07   1156.03   1116.99   1080.36   1046.26   1014.65    985.39    958.28    933.14    909.79    888.03    867.73    848.71    830.86    814.05    798.18    783.14    768.85    755.22    742.17    729.64    717.55    705.83    694.42    683.26    672.27    661.40    650.58    639.76    628.87    617.86    606.67    595.26    583.56    571.55    559.18    546.42    533.26    519.69    505.70    491.30    476.51    461.36    445.89    430.14    414.19    398.10    381.94    365.82    349.86    334.22    319.17    305.21    293.34    285.61
   1374.05   1362.62   1345.37   1322.86   1296.50   1267.77   1237.91   1207.87   1178.31   1149.64   1122.11   1095.85   1070.89   1047.23   1024.82   1003.60    983.49    964.43    946.32    929.10    912.69    897.02    882.00    867.59    853.70    840.28    827.26    814.57    802.15    789.94    777.86    765.85    753.86    741.80    729.63    717.27    704.66    691.75    678.50    664.84    650.74    636.17    621.11    605.55    589.48    572.93    555.90    538.43    520.59    502.41    483.98    465.37    446.68    428.03    409.55    391.45    374.05    357.95    344.29    335.45
   1374.83   1368.73   1359.22   1346.11   1329.84   1311.04   1290.42   1268.63   1246.23   1223.66   1201.24   1179.19   1157.69   1136.83   1116.67   1097.23   1078.52   1060.52   1043.20   1026.54   1010.49    995.02    980.06    965.59    951.53    937.85    924.48    911.36    898.45    885.66    872.95    860.24    847.47    834.58    821.48    808.13    794.45    780.39    765.89    750.90    735.38    719.29    702.63    685.37    667.51    649.07    630.08    610.58    590.62    570.28    549.63    528.77    507.80    486.85    466.10    445.76    426.22    408.13    392.82    382.91
   1375.60   1372.26   1366.92   1359.28   1349.36   1337.35   1323.58   1308.40   1292.18   1275.24   1257.87   1240.29   1222.70   1205.23   1187.99   1171.06   1154.48   1138.29   1122.49   1107.11   1092.11   1077.49   1063.23   1049.29   1035.63   1022.23   1009.02    995.97    983.02    970.12    957.19    944.18    931.03    917.66    904.01    890.01    875.59    860.70    845.28    829.27    812.64    795.35    777.38    758.71    739.36    719.33    698.67    677.42    655.64    633.41    610.82    587.97    564.99    542.02    519.24    496.91    475.44    455.58    438.76    427.88
   1376.37   1374.50   1371.46   1366.98   1360.96   1353.41   1344.41   1334.12   1322.75   1310.48   1297.52   1284.05   1270.23   1256.19   1242.04   1227.88   1213.78   1199.79   1185.94   1172.27   1158.78   1145.47   1132.34   1119.38   1106.56   1093.86   1081.24   1068.65   1056.06   1043.40   1030.63   1017.67   1004.48    990.97    977.09    962.77    947.93    932.53    916.49    899.77    882.32    864.11    845.13    825.35    804.80    783.48    761.44    738.73    715.41    691.58    667.34    642.79    618.07    593.35    568.81    544.74    521.59    500.16    482.00    470.27
   1377.14   1376.07   1374.32   1371.68   1368.03   1363.31   1357.51   1350.67   1342.88   1334.23   1324.84   1314.83   1304.31   1293.40   1282.17   1270.73   1259.13   1247.43   1235.69   1223.92   1212.16   1200.43   1188.71   1177.01   1165.32   1153.62   1141.87   1130.05   1118.10   1105.99   1093.66   1081.06   1068.11   1054.75   1040.92   1026.55   1011.58    995.93    979.55    962.40    944.41    925.58    905.86    885.26    863.78    841.45    818.32    794.43    769.87    744.72    719.10    693.13    666.96    640.75    614.72    589.17    564.57    541.79    522.49    510.01
   1377.90   1377.28   1376.26   1374.69   1372.47   1369.53   1365.83   1361.34   1356.09   1350.11   1343.46   1336.19   1328.39   1320.13   1311.46   1302.46   1293.18   1283.67   1273.98   1264.13   1254.15   1244.07   1233.88   1223.58   1213.18   1202.64   1191.96   1181.09   1170.00   1158.65   1146.98   1134.93   1122.45   1109.47   1095.93   1081.74   1066.86   1051.21   1034.74   1017.39    999.12    979.90    959.71    938.54    916.41    893.34    869.38    844.59    819.05    792.86    766.14    739.03    711.67    684.24    656.98    630.19    604.39    580.48    560.20    547.08
   1378.66   1378.29   1377.68   1376.74   1375.39   1373.56   1371.20   1368.28   1364.78   1360.70   1356.06   1350.89   1345.21   1339.08   1332.53   1325.60   1318.35   1310.79   1302.97   1294.91   1286.64   1278.16   1269.48   1260.61   1251.54   1242.24   1232.70   1222.90   1212.78   1202.31   1191.43   1180.10   1168.25   1155.81   1142.71   1128.90   1114.30   1098.84   1082.47   1065.14   1046.80   1027.42   1006.98    985.48    962.93    939.35    914.81    889.37    863.11    836.14    808.59    780.58    752.29    723.90    695.66    667.88    641.10    616.25    595.16    581.50
   1379.41   1379.20   1378.84   1378.27   1377.45   1376.32   1374.84   1372.96   1370.66   1367.93   1364.76   1361.14   1357.11   1352.66   1347.82   1342.62   1337.08   1331.21   1325.05   1318.61   1311.90   1304.93   1297.70   1290.21   1282.45   1274.40   1266.04   1257.34   1248.26   1238.75   1228.76   1218.24   1207.12   1195.35   1182.84   1169.53   1155.36   1140.25   1124.16   1107.01   1088.78   1069.42   1048.93   1027.29   1004.52    980.66    955.76    929.88    903.13    875.60    847.43    818.76    789.77    760.65    731.64    703.08    675.51    649.90    628.10    613.92
   1380.16   1380.04   1379.83   1379.49   1379.00   1378.31   1377.38   1376.19   1374.70   1372.90   1370.77   1368.30   1365.48   1362.32   1358.83   1355.00   1350.86   1346.41   1341.66   1336.62   1331.28   1325.67   1319.76   1313.55   1307.02   1300.16   1292.94   1285.33   1277.28   1268.75   1259.68   1250.02   1239.70   1228.66   1216.82   1204.11   1190.48   1175.84   1160.13   1143.31   1125.33   1106.16   1085.77   1064.17   1041.38   1017.42    992.35    966.24    939.20    911.33    882.77    853.66    824.19    794.55    765.00    735.88    707.75    681.58    659.28    644.76
   1380.91   1380.84   1380.71   1380.51   1380.21   1379.79   1379.21   1378.46   1377.51   1376.33   1374.91   1373.23   1371.29   1369.07   1366.58   1363.80   1360.75   1357.41   1353.80   1349.90   1345.72   1341.25   1336.47   1331.38   1325.95   1320.16   1313.98   1307.37   1300.29   1292.69   1284.51   1275.69   1266.17   1255.87   1244.73   1232.67   1219.62   1205.51   1190.29   1173.88   1156.26   1137.39   1117.24   1095.83   1073.15   1049.26   1024.20    998.05    970.91    942.90    914.15    884.81    855.07    825.14    795.26    765.80    737.31    710.79    688.17    673.44
   1381.65   1381.61   1381.53   1381.42   1381.23   1380.98   1380.62   1380.14   1379.53   1378.76   1377.82   1376.69   1375.36   1373.82   1372.06   1370.07   1367.84   1365.36   1362.64   1359.66   1356.40   1352.87   1349.04   1344.89   1340.40   1335.54   1330.27   1324.56   1318.36   1311.60   1304.25   1296.22   1287.46   1277.89   1267.44   1256.03   1243.59   1230.06   1215.35   1199.43   1182.25   1163.76   1143.96   1122.83   1100.41   1076.71   1051.81   1025.77    998.70    970.71    941.95    912.57    882.75    852.71    822.70    793.08    764.42    737.73    714.96    700.12
   1382.39   1382.36   1382.32   1382.25   1382.14   1381.98   1381.76   1381.46   1381.07   1380.57   1379.95   1379.19   1378.29   1377.22   1375.98   1374.56   1372.94   1371.12   1369.08   1366.80   1364.28   1361.50   1358.44   1355.07   1351.36   1347.29   1342.80   1337.87   1332.43   1326.43   1319.82   1312.52   1304.46   1295.58   1285.78   1275.01   1263.18   1250.22   1236.06   1220.65   1203.95   1185.91   1166.52   1145.77   1123.69   1100.30   1075.67   1049.87   1023.01    995.20    966.57    937.31    907.57    877.59    847.61    818.01    789.35    762.64    739.85    724.99
   1383.12   1383.11   1383.08   1383.04   1382.98   1382.88   1382.74   1382.55   1382.30   1381.98   1381.57   1381.07   1380.45   1379.72   1378.85   1377.83   1376.66   1375.32   1373.79   1372.05   1370.10   1367.91   1365.46   1362.71   1359.64   1356.22   1352.39   1348.11   1343.33   1337.99   1332.03   1325.37   1317.95   1309.69   1300.51   1290.34   1279.09   1266.69   1253.08   1238.20   1222.00   1204.45   1185.52   1165.21   1143.54   1120.55   1096.28   1070.83   1044.28   1016.76    988.41    959.39    929.88    900.09    870.30    840.86    812.34    785.75    763.06    748.26
   1383.85   1383.85   1383.83   1383.81   1383.77   1383.71   1383.63   1383.51   1383.35   1383.14   1382.87   1382.53   1382.11   1381.61   1380.99   1380.27   1379.42   1378.42   1377.27   1375.95   1374.43   1372.69   1370.71   1368.46   1365.90   1363.00   1359.70   1355.97   1351.74   1346.96   1341.56   1335.47   1328.61   1320.91   1312.29   1302.67   1291.96   1280.11   1267.03   1252.68   1236.99   1219.94   1201.50   1181.68   1160.47   1137.93   1114.11   1089.07   1062.94   1035.81   1007.83    979.17    950.00    920.54    891.05    861.90    833.64    807.30    784.82    770.16
   1384.58   1384.58   1384.58   1384.57   1384.54   1384.51   1384.46   1384.38   1384.28   1384.14   1383.96   1383.74   1383.45   1383.09   1382.66   1382.14   1381.51   1380.77   1379.90   1378.87   1377.67   1376.28   1374.67   1372.80   1370.64   1368.16   1365.30   1362.01   1358.24   1353.92   1349.00   1343.39   1337.02   1329.82   1321.70   1312.58   1302.38   1291.03   1278.47   1264.62   1249.45   1232.90   1214.98   1195.65   1174.95   1152.91   1129.58   1105.03   1079.38   1052.72   1025.21    996.99    968.26    939.23    910.15    881.39    853.52    827.53    805.37    790.92
   1385.30   1385.31   1385.30   1385.30   1385.29   1385.27   1385.23   1385.19   1385.12   1385.03   1384.91   1384.75   1384.55   1384.30   1383.99   1383.60   1383.13   1382.57   1381.89   1381.07   1380.11   1378.97   1377.63   1376.05   1374.20   1372.03   1369.51   1366.58   1363.17   1359.24   1354.70   1349.50   1343.54   1336.76   1329.07   1320.40   1310.65   1299.77   1287.67   1274.31   1259.62   1243.58   1226.15   1207.34   1187.15   1165.63   1142.82   1118.80   1093.67   1067.54   1040.54   1012.85    984.63    956.09    927.50    899.23    871.82    846.29    824.55    810.44
   1386.02   1386.02   1386.02   1386.02   1386.01   1386.00   1385.98   1385.94   1385.90   1385.84   1385.75   1385.64   1385.50   1385.31   1385.08   1384.79   1384.43   1383.99   1383.44   1382.79   1381.99   1381.04   1379.89   1378.53   1376.91   1375.00   1372.73   1370.08   1366.96   1363.33   1359.12   1354.25   1348.64   1342.23   1334.92   1326.63   1317.29   1306.83   1295.17   1282.26   1268.03   1252.47   1235.53   1217.22   1197.56   1176.56   1154.29   1130.82   1106.23   1080.66   1054.22   1027.08    999.41    971.43    943.38    915.63    888.73    863.68    842.36    828.54
   1386.73   1386.73   1386.73   1386.73   1386.72   1386.72   1386.70   1386.68   1386.65   1386.61   1386.55   1386.47   1386.36   1386.22   1386.05   1385.82   1385.53   1385.17   1384.73   1384.18   1383.51   1382.70   1381.70   1380.51   1379.06   1377.34   1375.29   1372.85   1369.98   1366.60   1362.65   1358.07   1352.76   1346.66   1339.68   1331.75   1322.79   1312.71   1301.46   1288.98   1275.20   1260.10   1243.65   1225.85   1206.71   1186.25   1164.53   1141.63   1117.62   1092.64   1066.79   1040.25   1013.18    985.78    958.32    931.14    904.80    880.27    859.39    845.85
   1387.44   1387.44   1387.44   1387.44   1387.44   1387.43   1387.42   1387.41   1387.39   1387.36   1387.31   1387.25   1387.17   1387.06   1386.92   1386.74   1386.50   1386.21   1385.83   1385.37   1384.79   1384.07   1383.19   1382.12   1380.81   1379.24   1377.35   1375.09   1372.41   1369.24   1365.52   1361.17   1356.13   1350.31   1343.63   1336.01   1327.39   1317.68   1306.81   1294.73   1281.39   1266.74   1250.77   1233.47   1214.85   1194.94   1173.79   1151.47   1128.06   1103.69   1078.46   1052.55   1026.11    999.34    972.51    945.94    920.19    896.20    875.79    862.55
   1388.15   1388.15   1388.15   1388.15   1388.15   1388.14   1388.14   1388.13   1388.11   1388.09   1388.05   1388.01   1387.94   1387.85   1387.74   1387.59   1387.39   1387.13   1386.81   1386.40   1385.89   1385.24   1384.45   1383.47   1382.27   1380.81   1379.05   1376.94   1374.42   1371.42   1367.89   1363.75   1358.93   1353.35   1346.94   1339.62   1331.30   1321.93   1311.42   1299.73   1286.80   1272.60   1257.10   1240.30   1222.20   1202.84   1182.26   1160.53   1137.74   1113.99   1089.41   1064.15   1038.37   1012.26    986.08    960.16    935.03    911.62    891.69    878.78
   1388.85   1388.85   1388.85   1388.85   1388.85   1388.85   1388.85   1388.84   1388.83   1388.81   1388.78   1388.74   1388.69   1388.62   1388.52   1388.39   1388.21   1387.99   1387.70   1387.33   1386.86   1386.28   1385.55   1384.64   1383.52   1382.16   1380.50   1378.50   1376.11   1373.26   1369.89   1365.93   1361.31   1355.95   1349.78   1342.71   1334.69   1325.63   1315.47   1304.15   1291.62   1277.85   1262.81   1246.50   1228.92   1210.11   1190.11   1168.98   1146.81   1123.71   1099.79   1075.20   1050.09   1024.67    999.17    973.92    949.43    926.62    907.21    894.63
   1389.55   1389.55   1389.55   1389.56   1389.56   1389.56   1389.55   1389.55   1389.54   1389.52   1389.50   1389.47   1389.42   1389.36   1389.27   1389.15   1389.00   1388.79   1388.53   1388.19   1387.76   1387.22   1386.53   1385.68   1384.63   1383.34   1381.77   1379.86   1377.58   1374.85   1371.62   1367.81   1363.37   1358.20   1352.25   1345.43   1337.68   1328.91   1319.08   1308.11   1295.98   1282.63   1268.04   1252.22   1235.16   1216.89   1197.47   1176.95   1155.41   1132.96   1109.71   1085.81   1061.40   1036.68   1011.88    987.32    963.51    941.32    922.45    910.22
   1390.24   1390.25   1390.25   1390.26   1390.26   1390.26   1390.26   1390.26   1390.25   1390.23   1390.21   1390.19   1390.14   1390.09   1390.01   1389.90   1389.76   1389.57   1389.32   1389.01   1388.60   1388.09   1387.44   1386.63   1385.63   1384.40   1382.90   1381.07   1378.88   1376.26   1373.15   1369.48   1365.19   1360.21   1354.46   1347.87   1340.36   1331.88   1322.36   1311.74   1299.98   1287.04   1272.90   1257.55   1241.01   1223.30   1204.45   1184.54   1163.64   1141.85   1119.28   1096.07   1072.38   1048.37   1024.29   1000.44    977.33    955.80    937.50    925.65
   1390.93   1390.94   1390.94   1390.95   1390.95   1390.95   1390.95   1390.95   1390.94   1390.93   1390.91   1390.88   1390.85   1390.79   1390.72   1390.62   1390.48   1390.30   1390.07   1389.77   1389.39   1388.89   1388.28   1387.50   1386.54   1385.36   1383.91   1382.15   1380.04   1377.51   1374.50   1370.96   1366.81   1361.99   1356.42   1350.04   1342.77   1334.55   1325.33   1315.03   1303.63   1291.09   1277.38   1262.50   1246.46   1229.28   1211.01   1191.70   1171.43   1150.29   1128.40   1105.88   1082.90   1059.61   1036.24   1013.11    990.70    969.85    952.16    940.75
   1391.62   1391.62   1391.62   1391.63   1391.63   1391.63   1391.63   1391.62   1391.62   1391.61   1391.59   1391.56   1391.53   1391.48   1391.41   1391.31   1391.18   1391.01   1390.79   1390.50   1390.13   1389.66   1389.06   1388.32   1387.39   1386.25   1384.85   1383.15   1381.10   1378.65   1375.74   1372.31   1368.29   1363.62   1358.23   1352.04   1345.00   1337.03   1328.09   1318.11   1307.06   1294.90   1281.61   1267.18   1251.63   1234.97   1217.25   1198.53   1178.87   1158.38   1137.15   1115.32   1093.03   1070.45   1047.79   1025.36   1003.64    983.44    966.30    955.26
   1392.30   1392.30   1392.30   1392.30   1392.31   1392.31   1392.30   1392.30   1392.29   1392.28   1392.27   1392.24   1392.21   1392.16   1392.09   1392.00   1391.87   1391.71   1391.50   1391.22   1390.86   1390.40   1389.83   1389.10   1388.21   1387.10   1385.74   1384.10   1382.12   1379.74   1376.92   1373.60   1369.70   1365.17   1359.94   1353.95   1347.12   1339.40   1330.73   1321.07   1310.36   1298.57   1285.70   1271.72   1256.66   1240.52   1223.36   1205.22   1186.18   1166.33   1145.77   1124.62   1103.03   1081.15   1059.20   1037.48   1016.44    996.88    980.29    969.61
   1392.98   1392.98   1392.98   1392.98   1392.98   1392.98   1392.98   1392.98   1392.97   1392.96   1392.94   1392.92   1392.89   1392.84   1392.77   1392.68   1392.56   1392.40   1392.19   1391.92   1391.57   1391.13   1390.57   1389.87   1389.00   1387.92   1386.61   1385.01   1383.09   1380.79   1378.05   1374.83   1371.05   1366.66   1361.59   1355.78   1349.17   1341.69   1333.29   1323.93   1313.56   1302.15   1289.69   1276.16   1261.58   1245.96   1229.35   1211.80   1193.38   1174.17   1154.27   1133.81   1112.92   1091.75   1070.52   1049.50   1029.14   1010.22    994.17    983.84
   1393.65   1393.65   1393.65   1393.65   1393.65   1393.65   1393.65   1393.65   1393.64   1393.63   1393.62   1393.59   1393.56   1393.51   1393.45   1393.36   1393.24   1393.09   1392.88   1392.62   1392.28   1391.85   1391.30   1390.62   1389.77   1388.73   1387.45   1385.90   1384.03   1381.79   1379.14   1376.01   1372.35   1368.10   1363.19   1357.56   1351.15   1343.91   1335.79   1326.72   1316.69   1305.65   1293.60   1280.52   1266.42   1251.32   1235.26   1218.29   1200.48   1181.92   1162.69   1142.92   1122.72   1102.27   1081.75   1061.43   1041.76   1023.48   1007.98    998.00
   1394.32   1394.32   1394.32   1394.33   1394.33   1394.33   1394.33   1394.32   1394.32   1394.31   1394.29   1394.27   1394.23   1394.19   1394.12   1394.03   1393.92   1393.77   1393.56   1393.31   1392.97   1392.55   1392.02   1391.35   1390.52   1389.51   1388.26   1386.75   1384.94   1382.77   1380.19   1377.16   1373.61   1369.49   1364.73   1359.28   1353.08   1346.07   1338.21   1329.45   1319.75   1309.08   1297.43   1284.79   1271.17   1256.59   1241.09   1224.71   1207.51   1189.59   1171.03   1151.95   1132.46   1112.71   1092.91   1073.31   1054.33   1036.69   1021.73   1012.11
   1394.99   1394.99   1394.99   1395.00   1395.00   1395.00   1395.00   1394.99   1394.99   1394.98   1394.96   1394.94   1394.90   1394.86   1394.79   1394.70   1394.59   1394.44   1394.24   1393.98   1393.65   1393.24   1392.72   1392.06   1391.26   1390.26   1389.05   1387.58   1385.82   1383.71   1381.21   1378.26   1374.82   1370.83   1366.22   1360.94   1354.95   1348.17   1340.57   1332.11   1322.74   1312.44   1301.20   1289.00   1275.86   1261.80   1246.84   1231.05   1214.47   1197.19   1179.31   1160.91   1142.12   1123.10   1104.02   1085.13   1066.84   1049.85   1035.46   1026.19
   1395.65   1395.66   1395.66   1395.66   1395.67   1395.67   1395.67   1395.66   1395.66   1395.64   1395.63   1395.60   1395.57   1395.52   1395.45   1395.37   1395.25   1395.10   1394.90   1394.65   1394.32   1393.91   1393.40   1392.76   1391.96   1390.99   1389.81   1388.38   1386.66   1384.61   1382.18   1379.32   1375.98   1372.11   1367.65   1362.55   1356.75   1350.21   1342.87   1334.70   1325.66   1315.73   1304.89   1293.13   1280.47   1266.92   1252.52   1237.31   1221.36   1204.73   1187.51   1169.81   1151.73   1133.43   1115.07   1096.91   1079.32   1062.99   1049.17   1040.27
   1396.31   1396.32   1396.32   1396.32   1396.32   1396.32   1396.32   1396.32   1396.31   1396.30   1396.28   1396.25   1396.22   1396.17   1396.10   1396.01   1395.89   1395.73   1395.53   1395.28   1394.96   1394.55   1394.04   1393.41   1392.63   1391.67   1390.51   1389.11   1387.44   1385.44   1383.07   1380.30   1377.06   1373.31   1368.99   1364.06   1358.45   1352.13   1345.04   1337.16   1328.44   1318.87   1308.42   1297.10   1284.91   1271.87   1258.01   1243.38   1228.04   1212.04   1195.49   1178.47   1161.10   1143.50   1125.86   1108.42   1091.54   1075.88   1062.64   1054.16
   1396.96   1396.96   1396.97   1396.97   1396.97   1396.97   1396.97   1396.96   1396.95   1396.94   1396.92   1396.89   1396.85   1396.79   1396.72   1396.63   1396.50   1396.34   1396.14   1395.88   1395.56   1395.15   1394.64   1394.01   1393.24   1392.30   1391.17   1389.80   1388.16   1386.21   1383.91   1381.21   1378.07   1374.43   1370.25   1365.48   1360.06   1353.95   1347.12   1339.51   1331.11   1321.89   1311.83   1300.94   1289.21   1276.67   1263.34   1249.28   1234.53   1219.16   1203.26   1186.91   1170.22   1153.33   1136.39   1119.64   1103.45   1088.43   1075.74   1067.62
   1397.61   1397.61   1397.61   1397.61   1397.61   1397.61   1397.61   1397.60   1397.59   1397.57   1397.54   1397.51   1397.47   1397.41   1397.33   1397.23   1397.10   1396.93   1396.72   1396.46   1396.13   1395.71   1395.20   1394.58   1393.81   1392.89   1391.76   1390.42   1388.81   1386.91   1384.67   1382.05   1379.00   1375.48   1371.43   1366.82   1361.59   1355.70   1349.11   1341.79   1333.70   1324.83   1315.16   1304.69   1293.42   1281.38   1268.59   1255.09   1240.94   1226.20   1210.95   1195.27   1179.28   1163.08   1146.85   1130.80   1115.28   1100.89   1088.75   1080.97
   1398.26   1398.26   1398.26   1398.26   1398.25   1398.25   1398.24   1398.23   1398.22   1398.20   1398.17   1398.13   1398.07   1398.01   1397.92   1397.81   1397.67   1397.49   1397.27   1396.99   1396.65   1396.23   1395.71   1395.08   1394.32   1393.40   1392.29   1390.97   1389.39   1387.53   1385.35   1382.80   1379.84   1376.43   1372.52   1368.06   1363.02   1357.34   1351.00   1343.96   1336.19   1327.67   1318.39   1308.34   1297.54   1285.99   1273.74   1260.81   1247.26   1233.15   1218.55   1203.55   1188.24   1172.75   1157.23   1141.88   1127.04   1113.28   1101.67   1094.24
   1398.90   1398.90   1398.90   1398.90   1398.89   1398.89   1398.88   1398.86   1398.84   1398.81   1398.77   1398.72   1398.66   1398.58   1398.48   1398.35   1398.19   1398.00   1397.76   1397.47   1397.11   1396.67   1396.15   1395.51   1394.74   1393.82   1392.72   1391.41   1389.86   1388.04   1385.91   1383.43   1380.56   1377.25   1373.47   1369.17   1364.31   1358.85   1352.75   1345.99   1338.54   1330.37   1321.48   1311.86   1301.52   1290.48   1278.77   1266.41   1253.46   1239.98   1226.04   1211.72   1197.11   1182.33   1167.51   1152.86   1138.71   1125.59   1114.51   1107.43
   1399.54   1399.54   1399.54   1399.53   1399.53   1399.52   1399.50   1399.48   1399.45   1399.41   1399.36   1399.30   1399.22   1399.12   1399.00   1398.85   1398.67   1398.45   1398.19   1397.87   1397.49   1397.03   1396.48   1395.83   1395.04   1394.12   1393.02   1391.72   1390.19   1388.41   1386.32   1383.91   1381.12   1377.92   1374.26   1370.12   1365.44   1360.19   1354.34   1347.86   1340.72   1332.91   1324.41   1315.22   1305.35   1294.82   1283.64   1271.86   1259.53   1246.69   1233.41   1219.77   1205.86   1191.79   1177.69   1163.75   1150.28   1137.80   1127.27   1120.54
   1400.17   1400.17   1400.17   1400.16   1400.15   1400.14   1400.11   1400.08   1400.04   1399.99   1399.92   1399.84   1399.73   1399.61   1399.46   1399.28   1399.06   1398.81   1398.51   1398.16   1397.75   1397.26   1396.68   1396.00   1395.20   1394.26   1393.15   1391.86   1390.35   1388.59   1386.55   1384.19   1381.48   1378.38   1374.86   1370.86   1366.37   1361.34   1355.73   1349.53   1342.71   1335.25   1327.15   1318.40   1309.00   1298.98   1288.35   1277.15   1265.43   1253.23   1240.62   1227.67   1214.47   1201.12   1187.74   1174.52   1161.75   1149.92   1139.94   1133.56
   1400.80   1400.80   1400.80   1400.79   1400.77   1400.75   1400.71   1400.67   1400.61   1400.53   1400.44   1400.32   1400.18   1400.02   1399.83   1399.61   1399.35   1399.05   1398.71   1398.31   1397.85   1397.32   1396.70   1395.99   1395.16   1394.20   1393.08   1391.78   1390.28   1388.54   1386.54   1384.24   1381.61   1378.61   1375.21   1371.37   1367.05   1362.23   1356.88   1350.96   1344.46   1337.37   1329.66   1321.35   1312.43   1302.92   1292.84   1282.24   1271.13   1259.59   1247.66   1235.41   1222.92   1210.30   1197.65   1185.16   1173.10   1161.93   1152.52   1146.51
   1401.43   1401.43   1401.42   1401.40   1401.37   1401.33   1401.28   1401.21   1401.12   1401.01   1400.88   1400.72   1400.54   1400.32   1400.08   1399.80   1399.49   1399.13   1398.73   1398.27   1397.76   1397.17   1396.50   1395.75   1394.88   1393.88   1392.74   1391.44   1389.94   1388.22   1386.25   1384.00   1381.44   1378.54   1375.26   1371.57   1367.44   1362.83   1357.73   1352.09   1345.91   1339.17   1331.87   1323.99   1315.55   1306.55   1297.03   1287.01   1276.52   1265.63   1254.37   1242.82   1231.05   1219.15   1207.24   1195.48   1184.12   1173.63   1164.79   1159.17
   1402.05   1402.04   1402.02   1401.99   1401.95   1401.89   1401.80   1401.70   1401.57   1401.41   1401.22   1401.01   1400.76   1400.48   1400.16   1399.81   1399.42   1398.99   1398.51   1397.99   1397.40   1396.76   1396.03   1395.22   1394.31   1393.28   1392.11   1390.79   1389.29   1387.58   1385.65   1383.45   1380.97   1378.16   1375.01   1371.47   1367.51   1363.12   1358.26   1352.91   1347.05   1340.67   1333.76   1326.32   1318.35   1309.87   1300.90   1291.46   1281.60   1271.35   1260.76   1249.90   1238.84   1227.66   1216.48   1205.44   1194.78   1184.94   1176.66   1171.40
   1402.67   1402.65   1402.62   1402.57   1402.49   1402.40   1402.27   1402.11   1401.92   1401.70   1401.43   1401.13   1400.80   1400.43   1400.02   1399.58   1399.09   1398.57   1398.01   1397.39   1396.73   1396.00   1395.21   1394.34   1393.37   1392.30   1391.10   1389.76   1388.26   1386.57   1384.67   1382.53   1380.12   1377.41   1374.38   1371.00   1367.24   1363.06   1358.46   1353.40   1347.87   1341.86   1335.35   1328.36   1320.87   1312.92   1304.50   1295.66   1286.42   1276.83   1266.93   1256.77   1246.43   1235.98   1225.53   1215.22   1205.27   1196.08   1188.36   1183.45
   1403.28   1403.25   1403.19   1403.11   1403.00   1402.85   1402.66   1402.42   1402.14   1401.81   1401.45   1401.04   1400.59   1400.10   1399.57   1399.01   1398.42   1397.78   1397.11   1396.40   1395.64   1394.83   1393.96   1393.02   1392.00   1390.88   1389.66   1388.30   1386.80   1385.12   1383.26   1381.17   1378.84   1376.24   1373.35   1370.13   1366.56   1362.61   1358.27   1353.51   1348.32   1342.69   1336.60   1330.07   1323.08   1315.66   1307.82   1299.58   1290.98   1282.06   1272.85   1263.41   1253.80   1244.10   1234.39   1224.81   1215.58   1207.05   1199.89   1195.34
   1403.89   1403.84   1403.75   1403.62   1403.44   1403.20   1402.91   1402.56   1402.15   1401.69   1401.18   1400.62   1400.02   1399.38   1398.71   1398.01   1397.28   1396.52   1395.73   1394.91   1394.05   1393.14   1392.19   1391.18   1390.11   1388.95   1387.69   1386.32   1384.82   1383.17   1381.35   1379.33   1377.09   1374.61   1371.85   1368.81   1365.44   1361.74   1357.67   1353.23   1348.39   1343.14   1337.49   1331.42   1324.95   1318.07   1310.82   1303.20   1295.25   1287.01   1278.51   1269.80   1260.94   1251.99   1243.04   1234.21   1225.71   1217.85   1211.25   1207.06
   1404.50   1404.41   1404.26   1404.05   1403.76   1403.40   1402.95   1402.44   1401.85   1401.20   1400.50   1399.75   1398.97   1398.15   1397.31   1396.45   1395.56   1394.66   1393.74   1392.80   1391.84   1390.84   1389.81   1388.74   1387.61   1386.41   1385.13   1383.76   1382.27   1380.66   1378.89   1376.94   1374.81   1372.45   1369.86   1367.00   1363.85   1360.40   1356.63   1352.51   1348.03   1343.19   1337.98   1332.40   1326.45   1320.14   1313.49   1306.51   1299.23   1291.68   1283.90   1275.94   1267.83   1259.65   1251.48   1243.41   1235.65   1228.47   1222.45   1218.62
   1405.10   1404.95   1404.71   1404.36   1403.91   1403.34   1402.67   1401.92   1401.08   1400.19   1399.24   1398.26   1397.26   1396.23   1395.20   1394.16   1393.11   1392.07   1391.02   1389.96   1388.90   1387.82   1386.72   1385.59   1384.42   1383.20   1381.92   1380.55   1379.10   1377.53   1375.83   1373.98   1371.96   1369.75   1367.32   1364.67   1361.76   1358.58   1355.11   1351.33   1347.24   1342.82   1338.07   1332.99   1327.58   1321.85   1315.81   1309.49   1302.89   1296.06   1289.02   1281.81   1274.48   1267.09   1259.70   1252.41   1245.39   1238.92   1233.48   1230.03
   1405.70   1405.44   1405.04   1404.47   1403.75   1402.88   1401.89   1400.80   1399.64   1398.43   1397.19   1395.94   1394.68   1393.43   1392.19   1390.97   1389.77   1388.59   1387.42   1386.27   1385.12   1383.98   1382.83   1381.66   1380.47   1379.25   1377.98   1376.65   1375.24   1373.74   1372.13   1370.39   1368.51   1366.46   1364.23   1361.80   1359.14   1356.25   1353.10   1349.69   1346.00   1342.02   1337.75   1333.19   1328.34   1323.20   1317.80   1312.14   1306.24   1300.14   1293.85   1287.42   1280.88   1274.29   1267.70   1261.21   1254.96   1249.19   1244.36   1241.28
   1406.29   1405.84   1405.15   1404.23   1403.09   1401.77   1400.34   1398.82   1397.26   1395.68   1394.11   1392.57   1391.06   1389.59   1388.17   1386.79   1385.46   1384.16   1382.91   1381.69   1380.49   1379.31   1378.14   1376.97   1375.79   1374.60   1373.37   1372.09   1370.76   1369.35   1367.85   1366.25   1364.53   1362.66   1360.64   1358.44   1356.06   1353.47   1350.66   1347.62   1344.34   1340.81   1337.03   1333.00   1328.71   1324.18   1319.42   1314.43   1309.24   1303.87   1298.34   1292.69   1286.94   1281.15   1275.36   1269.66   1264.18   1259.13   1254.90   1252.22
   1406.88   1406.07   1404.90   1403.39   1401.62   1399.69   1397.66   1395.62   1393.60   1391.63   1389.73   1387.91   1386.18   1384.53   1382.97   1381.48   1380.06   1378.71   1377.42   1376.17   1374.97   1373.80   1372.65   1371.51   1370.38   1369.24   1368.09   1366.90   1365.67   1364.38   1363.02   1361.58   1360.03   1358.37   1356.58   1354.64   1352.54   1350.27   1347.81   1345.16   1342.31   1339.24   1335.96   1332.46   1328.75   1324.83   1320.71   1316.40   1311.91   1307.28   1302.51   1297.63   1292.67   1287.68   1282.69   1277.79   1273.07   1268.72   1265.08   1262.78
   1407.47   1406.00   1403.96   1401.50   1398.80   1396.02   1393.29   1390.65   1388.16   1385.83   1383.65   1381.63   1379.75   1378.00   1376.37   1374.85   1373.42   1372.08   1370.81   1369.60   1368.45   1367.34   1366.26   1365.20   1364.16   1363.12   1362.08   1361.01   1359.92   1358.78   1357.59   1356.33   1354.99   1353.55   1352.01   1350.35   1348.56   1346.63   1344.55   1342.30   1339.89   1337.30   1334.53   1331.59   1328.47   1325.17   1321.71   1318.09   1314.33   1310.44   1306.44   1302.36   1298.21   1294.02   1289.85   1285.74   1281.79   1278.16   1275.11   1273.19
   1408.05   1405.26   1401.67   1397.70   1393.73   1389.95   1386.47   1383.31   1380.46   1377.89   1375.58   1373.49   1371.60   1369.87   1368.30   1366.84   1365.50   1364.25   1363.09   1361.99   1360.95   1359.96   1359.01   1358.08   1357.17   1356.28   1355.38   1354.47   1353.54   1352.59   1351.59   1350.54   1349.43   1348.25   1346.99   1345.63   1344.17   1342.60   1340.90   1339.08   1337.13   1335.04   1332.80   1330.42   1327.91   1325.25   1322.46   1319.55   1316.53   1313.40   1310.18   1306.90   1303.56   1300.20   1296.85   1293.55   1290.38   1287.46   1285.02   1283.48
   1408.63   1402.97   1396.62   1390.52   1385.08   1380.40   1376.40   1372.99   1370.07   1367.54   1365.34   1363.40   1361.68   1360.15   1358.77   1357.51   1356.36   1355.31   1354.33   1353.42   1352.56   1351.75   1350.98   1350.23   1349.50   1348.79   1348.08   1347.36   1346.63   1345.89   1345.11   1344.30   1343.45   1342.54   1341.57   1340.53   1339.42   1338.22   1336.94   1335.56   1334.08   1332.49   1330.80   1329.01   1327.11   1325.10   1323.00   1320.81   1318.53   1316.17   1313.75   1311.28   1308.77   1306.24   1303.71   1301.23   1298.85   1296.65   1294.82   1293.66
   1409.20   1396.64   1385.87   1377.48   1371.11   1366.21   1362.39   1359.33   1356.83   1354.74   1352.98   1351.46   1350.14   1348.98   1347.94   1347.02   1346.17   1345.41   1344.70   1344.05   1343.43   1342.86   1342.31   1341.78   1341.28   1340.78   1340.28   1339.79   1339.29   1338.77   1338.24   1337.69   1337.11   1336.49   1335.84   1335.14   1334.39   1333.58   1332.71   1331.79   1330.79   1329.73   1328.60   1327.39   1326.12   1324.78   1323.37   1321.90   1320.38   1318.80   1317.18   1315.53   1313.85   1312.16   1310.48   1308.82   1307.23   1305.76   1304.53   1303.76
   1409.77   1378.02   1363.70   1355.48   1350.37   1346.91   1344.43   1342.55   1341.08   1339.88   1338.89   1338.05   1337.33   1336.70   1336.15   1335.65   1335.21   1334.80   1334.43   1334.09   1333.77   1333.47   1333.19   1332.91   1332.65   1332.39   1332.14   1331.89   1331.63   1331.37   1331.10   1330.82   1330.53   1330.22   1329.89   1329.53   1329.15   1328.75   1328.31   1327.85   1327.35   1326.81   1326.25   1325.64   1325.00   1324.33   1323.63   1322.89   1322.13   1321.34   1320.53   1319.70   1318.86   1318.01   1317.17   1316.34   1315.54   1314.81   1314.19   1313.80
   1410.34   1323.82   1323.82   1323.82   1323.82   1323.82   1323.82   1323.82   1323.82   1323.82   1323.82   1323.82   1323.82   1323.82   1323.82   1323.82   1323.82   1323.82   1323.82   1323.82   1323.82   1323.82   1323.82   1323.82   1323.82   1323.82   1323.82   1323.82   1323.82   1323.82   1323.82   1323.82   1323.82   1323.82   1323.82   1323.82   1323.82   1323.82   1323.82   1323.82   1323.82   1323.82   1323.82   1323.82   1323.82   1323.82   1323.82   1323.82   1323.82   1323.82   1323.82   1323.82   1323.82   1323.82   1323.82   1323.82   1323.82   1323.82   1323.82   1323.82
  1102  1102  1102  1102  1102  1102  1102  1102  1102  1102  1102  1102  1102  1102  1102  1102  1102  1102  1102  1102  1102  1102  1102  1102  1102  1102  1102  1102  1102  1102  1102  1102  1102  1102  1102  1102  1102  1102  1102  1102  1102  1102  1102  1102  1102  1102  1102  1102  1102  1102  1102  1102  1102  1102  1102  1102  1102  1102  1102  1102
  1102  1101  1101  1101  1101  1101  1101  1101  1101  1101  1101  1101  1101  1101  1101  1101  1101  1101  1101  1101  1101  1101  1101  1101  1101  1101  1101  1101  1101  1101  1101  1101  1101  1101  1101  1101  1101  1101  1101  1101  1101  1101  1101  1101  1101  1101  1101  1101  1101  1101  1101  1101  1101  1101  1101  1101  1101  1101  1101  1104
  1102  1101  1101  1101  1101  1101  1101  1101  1101  1101  1101  1101  1101  1101  1101  1101  1101  1101  1101  1101  1101  1101  1101  1101  1101  1101  1101  1101  1101  1101  1101  1101  1101  1101  1101  1101  1101  1101  1101  1101  1101  1101  1101  1101  1101  1101  1101  1101  1101  1101  1101  1101  1101  1101  1101  1101  1101  1101  1101  1104
  1102  1101  1101  1101  1101  1101  1101  1101  1101  1101  1101  1101  1101  1101  1101  1101  1101  1101  1101  1101  1101  1101  1101  1101  1101  1101  1101  1101  1101  1101  1101  1101  1101  1101  1101  1101  1101  1101  1101  1101  1101  1101  1101  1101  1101  1101  1101  1101  1101  1101  1101  1101  1101  1101  1101  1101  1101  1101  1101  1104
  2202  2201  2201  2201  2201  2201  2201  2201  2201  2201  2201  2201  2201  2201  2201  2201  2201  2201  2201  2201  2201  2201  2201  2201  2201  2201  2201  2201  2201  2201  2201  2201  2201  2201  2201  2201  2201  2201  2201  2201  2201  2201  2201  2201  2201  2201  2201  2201  2201  2201  2201  2201  2201  2201  2201  2201  2201  2201  2201  2204
  2202  2201  2201  2201  2201  2201  2201  2201  2201  2201  2201  2201  2201  2201  2201  2201  2201  2201  2201  2201  2201  2201  2201  2201  2201  2201  2201  2201  2201  2201  2201  2201  2201  2201  2201  2201  2201  2201  2201  2201  2201  2201  2201  2201  2201  2201  2201  2201  2201  2201  2201  2201  2201  2201  2201  2201  2201  2201  2201  2204
  2202  2201  2201  2201  2201  2201  2201  2201  2201  2201  2201  2201  2201  2201  2201  2201  2201  2201  2201  2201  2201  2201  2201  2201  2201  2201  2201  2201  2201  2201  2201  2201  2201  2201  2201  2201  2201  2201  2201  2201  2201  2201  2201  2201  2201  2201  2201  2201  2201  2201  2201  2201  2201  2201  2201  2201  2201  2201  2201  2204
  2202  2201  2201  2201  2201  2201  2201  2201  2201  2201  2201  2201  2201  2201  2201  2201  2201  2201  2201  2201  2201  2201  2201  2201  2201  2201  2201  2201  2201  2201  2201  2201  2201  2201  2201  2201  2201  2201  2201  2201  2201  2201  2201  2201  2201  2201  2201  2201  2201  2201  2201  2201  2201  2201  2201  2201  2201  2201  2201  2204
  2202  2201  2201  2201  2201  2201  2201  2201  2201  2201  2201  2201  2201  2201  2201  2201  2201  2201  2201  2201  2201  2201  2201  2201  2201  2201  2201  2201  2201  2201  2201  2201  2201  2201  2201  2201  2201  2201  2201  2201  2201  2201  2201  2201  2201  2201  2201  2201  2201  2201  2201  2201  2201  2201  2201  2201  2201  2201  2201  2204
  2202  2201  2201  2201  2201  2201  2201  2201  2201  2201  2201  2201  2201  2201  2201  2201  2201  2201  2201  2201  2201  2201  2201  2201  2201  2201  2201  2201  2201  2201  2201  2201  2201  2201  2201  2201  2201  2201  2201  2201  2201  2201  2201  2201  2201  2201  2201  2201  2201  2201  2201  2201  2201  2201  2201  2201  2201  2201  2201  2204
  2202  2201  2201  2201  2201  2201  2201  2201  2201  2201  2201  2201  2201  2201  2201  2201  2201  2201  2201  2201  2201  2201  2201  2201  2201  2201  2201  2201  2201  2201  2201  2201  2201  2201  2201  2201  2201  2201  2201  2201  2201  2201  2201  2201  2201  2201  2201  2201  2201  2201  2201  2201  2201  2201  2201  2201  2201  2201  2201  2204
  2202  2201  2201  2201  2201  2201  2201  2201  2201  2201  2201  2201  2201  2201  2201  2201  2201  2201  2201  2201  2201  2201  2201  2201  2201  2201  2201  2201  2201  2201  2201  2201  2201  2201  2201  2201  2201  2201  2201  2201  2201  2201  2201  2201  2201  2201  2201  2201  2201  2201  2201  2201  2201  2201  2201  2201  2201  2201  2201  2204
  3302  3301  3301  3301  3301  3301  3301  3301  3301  3301  3301  3301  3301  3301  3301  3301  3301  3301  3301  3301  3301  3301  3301  3301  3301  3301  3301  3301  3301  3301  3301  3301  3301  3301  3301  3301  3301  3301  3301  3301  3301  3301  3301  3301  3301  3301  3301  3301  3301  3301  3301  3301  3301  3301  3301  3301  3301  3301  3301  3304
  3302  3301  3301  3301  3301  3301  3301  3301  3301  3301  3301  3301  3301  3301  3301  3301  3301  3301  3301  3301  3301  3301  3301  3301  3301  3301  3301  3301  3301  3301  3301  3301  3301  3301  3301  3301  3301  3301  3301  3301  3301  3301  3301  3301  3301  3301  3301  3301  3301  3301  3301  3301  3301  3301  3301  3301  3301  3301  3301  3304
  3302  3301  3301  3301  3301  3301  3301  3301  3301  3301  3301  3301  3301  3301  3301  3301  3301  3301  3301  3301  3301  3301  3301  3301  3301  3301  3301  3301  3301  3301  3301  3301  3301  3301  3301  3301  3301  3301  3301  3301  3301  3301  3301  3301  3301  3301  3301  3301  3301  3301  3301  3301  3301  3301  3301  3301  3301  3301  3301  3304
  3302  3301  3301  3301  3301  3301  3301  3301  3301  3301  3301  3301  3301  3301  3301  3301  3301  3301  3301  3301  3301  3301  3301  3301  3301  3301  3301  3301  3301  3301  3301  3301  3301  3301  3301  3301  3301  3301  3301  3301  3301  3301  3301  3301  3301  3301  3301  3301  3301  3301  3301  3301  3301  3301  3301  3301  3301  3301  3301  3304
  3302  3301  3301  3301  3301  3301  3301  3301  3301  3301  3301  3301  3301  3301  3301  3301  3301  3301  3301  3301  3301  3301  3301  3301  3301  3301  3301  3301  3301  3301  3301  3301  3301  3301  3301  3301  3301  3301  3301  3301  3301  3301  3301  3301  3301  3301  3301  3301  3301  3301  3301  3301  3301  3301  3301  3301  3301  3301  3301  3304
  3302  3301  3301  3301  3301  3301  3301  3301  3301  3301  3301  3301  3301  3301  3301  3301  3301  3301  3301  3301  3301  3301  3301  3301  3301  3301  3301  3301  3301  3301  3301  3301  3301  3301  3301  3301  3301  3301  3301  3301  3301  3301  3301  3301  3301  3301  3301  3301  3301  3301  3301  3301  3301  3301  3301  3301  3301  3301  3301  3304
  3302  3301  3301  3301  3301  3301  3301  3301  3301  3301  3301  3301  3301  3301  3301  3301  3301  3301  3301  3301  3301  3301  3301  3301  3301  3301  3301  3301  3301  3301  3301  3301  3301  3301  3301  3301  3301  3301  3301  3301  3301  3301  3301  3301  3301  3301  3301  3301  3301  3301  3301  3301  3301  3301  3301  3301  3301  3301  3301  3304
  3302  3301  3301  3301  3301  3301  3301  3301  3301  3301  3301  3301  3301  3301  3301  3301  3301  3301  3301  3301  3301  3301  3301  3301  3301  3301  3301  3301  3301  3301  3301  3301  3301  3301  3301  3301  3301  3301  3301  3301  3301  3301  3301  3301  3301  3301  3301  3301  3301  3301  3301  3301  3301  3301  3301  3301  3301  3301  3301  3304
  4402  4401  4401  4401  4401  4401  4401  4401  4401  4401  4401  4401  4401  4401  4401  4401  4401  4401  4401  4401  4401  4401  4401  4401  4401  4401  4401  4401  4401  4401  4401  4401  4401  4401  4401  4401  4401  4401  4401  4401  4401  4401  4401  4401  4401  4401  4401  4401  4401  4401  4401  4401  4401  4401  4401  4401  4401  4401  4401  4404
  4402  4401  4401  4401  4401  4401  4401  4401  4401  4401  4401  4401  4401  4401  4401  4401  4401  4401  4401  4401  4401  4401  4401  4401  4401  4401  4401  4401  4401  4401  4401  4401  4401  4401  4401  4401  4401  4401  4401  4401  4401  4401  4401  4401  4401  4401  4401  4401  4401  4401  4401  4401  4401  4401  4401  4401  4401  4401  4401  4404
  4402  4401  4401  4401  4401  4401  4401  4401  4401  4401  4401  4401  4401  4401  4401  4401  4401  4401  4401  4401  4401  4401  4401  4401  4401  4401  4401  4401  4401  4401  4401  4401  4401  4401  4401  4401  4401  4401  4401  4401  4401  4401  4401  4401  4401  4401  4401  4401  4401  4401  4401  4401  4401  4401  4401  4401  4401  4401  4401  4404
  4402  4401  4401  4401  4401  4401  4401  4401  4401  4401  4401  4401  4401  4401  4401  4401  4401  4401  4401  4401  4401  4401  4401  4401  4401  4401  4401  4401  4401  4401  4401  4401  4401  4401  4401  4401  4401  4401  4401  4401  4401  4401  4401  4401  4401  4401  4401  4401  4401  4401  4401  4401  4401  4401  4401  4401  4401  4401  4401  4404
  4402  4401  4401  4401  4401  4401  4401  4401  4401  4401  4401  4401  4401  4401  4401  4401  4401  4401  4401  4401  4401  4401  4401  4401  4401  4401  4401  4401  4401  4401  4401  4401  4401  4401  4401  4401  4401  4401  4401  4401  4401  4401  4401  4401  4401  4401  4401  4401  4401  4401  4401  4401  4401  4401  4401  4401  4401  4401  4401  4404
  4402  4401  4401  4401  4401  4401  4401  4401  4401  4401  4401  4401  4401  4401  4401  4401  4401  4401  4401  4401  4401  4401  4401  4401  4401  4401  4401  4401  4401  4401  4401  4401  4401  4401  4401  4401  4401  4401  4401  4401  4401  4401  4401  4401  4401  4401  4401  4401  4401  4401  4401  4401  4401  4401  4401  4401  4401  4401  4401  4404
  4402  4401  4401  4401  4401  4401  4401  4401  4401  4401  4401  4401  4401  4401  4401  4401  4401  4401  4401  4401  4401  4401  4401  4401  4401  4401  4401  4401  4401  4401  4401  4401  4401  4401  4401  4401  4401  4401  4401  4401  4401  4401  4401  4401  4401  4401  4401  4401  4401  4401  4401  4401  4401  4401  4401  4401  4401  4401  4401  4404
  4402  4401  4401  4401  4401  4401  4401  4401  4401  4401  4401  4401  4401  4401  4401  4401  4401  4401  4401  4401  4401  4401  4401  4401  4401  4401  4401  4401  4401  4401  4401  4401  4401  4401  4401  4401  4401  4401  4401  4401  4401  4401  4401  4401  4401  4401  4401  4401  4401  4401  4401  4401  4401  4401  4401  4401  4401  4401  4401  4404
  5502  5501  5501  5501  5501  5501  5501  5501  5501  5501  5501  5501  5501  5501  5501  5501  5501  5501  5501  5501  5501  5501  5501  5501  5501  5501  5501  5501  5501  5501  5501  5501  5501  5501  5501  5501  5501  5501  5501  5501  5501  5501  5501  5501  5501  5501  5501  5501  5501  5501  5501  5501  5501  5501  5501  5501  5501  5501  5501  5504
  5502  5501  5501  5501  5501  5501  5501  5501  5501  5501  5501  5501  5501  5501  5501  5501  5501  5501  5501  5501  5501  5501  5501  5501  5501  5501  5501  5501  5501  5501  5501  5501  5501  5501  5501  5501  5501  5501  5501  5501  5501  5501  5501  5501  5501  5501  5501  5501  5501  5501  5501  5501  5501  5501  5501  5501  5501  5501  5501  5504
  5502  5501  5501  5501  5501  5501  5501  5501  5501  5501  5501  5501  5501  5501  5501  5501  5501  5501  5501  5501  5501  5501  5501  5501  5501  5501  5501  5501  5501  5501  5501  5501  5501  5501  5501  5501  5501  5501  5501  5501  5501  5501  5501  5501  5501  5501  5501  5501  5501  5501  5501  5501  5501  5501  5501  5501  5501  5501  5501  5504
  5502  5501  5501  5501  5501  5501  5501  5501  5501  5501  5501  5501  5501  5501  5501  5501  5501  5501  5501  5501  5501  5501  5501  5501  5501  5501  5501  5501  5501  5501  5501  5501  5501  5501  5501  5501  5501  5501  5501  5501  5501  5501  5501  5501  5501  5501  5501  5501  5501  5501  5501  5501  5501  5501  5501  5501  5501  5501  5501  5504
  5502  5501  5501  5501  5501  5501  5501  5501  5501  5501  5501  5501  5501  5501  5501  5501  5501  5501  5501  5501  5501  5501  5501  5501  5501  5501  5501  5501  5501  5501  5501  5501  5501  5501  5501  5501  5501  5501  5501  5501  5501  5501  5501  5501  5501  5501  5501  5501  5501  5501  5501  5501  5501  5501  5501  5501  5501  5501  5501  5504
  5502  5501  5501  5501  5501  5501  5501  5501  5501  5501  5501  5501  5501  5501  5501  5501  5501  5501  5501  5501  5501  5501  5501  5501  5501  5501  5501  5501  5501  5501  5501  5501  5501  5501  5501  5501  5501  5501  5501  5501  5501  5501  5501  5501  5501  5501  5501  5501  5501  5501  5501  5501  5501  5501  5501  5501  5501  5501  5501  5504
  5502  5501  5501  5501  5501  5501  5501  5501  5501  5501  5501  5501  5501  5501  5501  5501  5501  5501  5501  5501  5501  5501  5501  5501  5501  5501  5501  5501  5501  5501  5501  5501  5501  5501  5501  5501  5501  5501  5501  5501  5501  5501  5501  5501  5501  5501  5501  5501  5501  5501  5501  5501  5501  5501  5501  5501  5501  5501  5501  5504
  5502  5501  5501  5501  5501  5501  5501  5501  5501  5501  5501  5501  5501  5501  5501  5501  5501  5501  5501  5501  5501  5501  5501  5501  5501  5501  5501  5501  5501  5501  5501  5501  5501  5501  5501  5501  5501  5501  5501  5501  5501  5501  5501  5501  5501  5501  5501  5501  5501  5501  5501  5501  5501  5501  5501  5501  5501  5501  5501  5504
  6602  6601  6601  6601  6601  6601  6601  6601  6601  6601  6601  6601  6601  6601  6601  6601  6601  6601  6601  6601  6601  6601  6601  6601  6601  6601  6601  6601  6601  6601  6601  6601  6601  6601  6601  6601  6601  6601  6601  6601  6601  6601  6601  6601  6601  6601  6601  6601  6601  6601  6601  6601  6601  6601  6601  6601  6601  6601  6601  6604
  6602  6601  6601  6601  6601  6601  6601  6601  6601  6601  6601  6601  6601  6601  6601  6601  6601  6601  6601  6601  6601  6601  6601  6601  6601  6601  6601  6601  6601  6601  6601  6601  6601  6601  6601  6601  6601  6601  6601  6601  6601  6601  6601  6601  6601  6601  6601  6601  6601  6601  6601  6601  6601  6601  6601  6601  6601  6601  6601  6604
  6602  6601  6601  6601  6601  6601  6601  6601  6601  6601  6601  6601  6601  6601  6601  6601  6601  6601  6601  6601  6601  6601  6601  6601  6601  6601  6601  6601  6601  6601  6601  6601  6601  6601  6601  6601  6601  6601  6601  6601  6601  6601  6601  6601  6601  6601  6601  6601  6601  6601  6601  6601  6601  6601  6601  6601  6601  6601  6601  6604
  6602  6601  6601  6601  6601  6601  6601  6601  6601  6601  6601  6601  6601  6601  6601  6601  6601  6601  6601  6601  6601  6601  6601  6601  6601  6601  6601  6601  6601  6601  6601  6601  6601  6601  6601  6601  6601  6601  6601  6601  6601  6601  6601  6601  6601  6601  6601  6601  6601  6601  6601  6601  6601  6601  6601  6601  6601  6601  6601  6604
  6602  6601  6601  6601  6601  6601  6601  6601  6601  6601  6601  6601  6601  6601  6601  6601  6601  6601  6601  6601  6601  6601  6601  6601  6601  6601  6601  6601  6601  6601  6601  6601  6601  6601  6601  6601  6601  6601  6601  6601  6601  6601  6601  6601  6601  6601  6601  6601  6601  6601  6601  6601  6601  6601  6601  6601  6601  6601  6601  6604
  6602  6601  6601  6601  6601  6601  6601  6601  6601  6601  6601  6601  6601  6601  6601  6601  6601  6601  6601  6601  6601  6601  6601  6601  6601  6601  6601  6601  6601  6601  6601  6601  6601  6601  6601  6601  6601  6601  6601  6601  6601  6601  6601  6601  6601  6601  6601  6601  6601  6601  6601  6601  6601  6601  6601  6601  6601  6601  6601  6604
  6602  6601  6601  6601  6601  6601  6601  6601  6601  6601  6601  6601  6601  6601  6601  6601  6601  6601  6601  6601  6601  6601  6601  6601  6601  6601  6601  6601  6601  6601  6601  6601  6601  6601  6601  6601  6601  6601  6601  6601  6601  6601  6601  6601  6601  6601  6601  6601  6601  6601  6601  6601  6601  6601  6601  6601  6601  6601  6601  6604
  6602  6601  6601  6601  6601  6601  6601  6601  6601  6601  6601  6601  6601  6601  6601  6601  6601  6601  6601  6601  6601  6601  6601  6601  6601  6601  6601  6601  6601  6601  6601  6601  6601  6601  6601  6601  6601  6601  6601  6601  6601  6601  6601  6601  6601  6601  6601  6601  6601  6601  6601  6601  6601  6601  6601  6601  6601  6601  6601  6604
  7702  7701  7701  7701  7701  7701  7701  7701  7701  7701  7701  7701  7701  7701  7701  7701  7701  7701  7701  7701  7701  7701  7701  7701  7701  7701  7701  7701  7701  7701  7701  7701  7701  7701  7701  7701  7701  7701  7701  7701  7701  7701  7701  7701  7701  7701  7701  7701  7701  7701  7701  7701  7701  7701  7701  7701  7701  7701  7701  7704
  7702  7701  7701  7701  7701  7701  7701  7701  7701  7701  7701  7701  7701  7701  7701  7701  7701  7701  7701  7701  7701  7701  7701  7701  7701  7701  7701  7701  7701  7701  7701  7701  7701  7701  7701  7701  7701  7701  7701  7701  7701  7701  7701  7701  7701  7701  7701  7701  7701  7701  7701  7701  7701  7701  7701  7701  7701  7701  7701  7704
  7702  7701  7701  7701  7701  7701  7701  7701  7701  7701  7701  7701  7701  7701  7701  7701  7701  7701  7701  7701  7701  7701  7701  7701  7701  7701  7701  7701  7701  7701  7701  7701  7701  7701  7701  7701  7701  7701  7701  7701  7701  7701  7701  7701  7701  7701  7701  7701  7701  7701  7701  7701  7701  7701  7701  7701  7701  7701  7701  7704
  7702  7701  7701  7701  7701  7701  7701  7701  7701  7701  7701  7701  7701  7701  7701  7701  7701  7701  7701  7701  7701  7701  7701  7701  7701  7701  7701  7701  7701  7701  7701  7701  7701  7701  7701  7701  7701  7701  7701  7701  7701  7701  7701  7701  7701  7701  7701  7701  7701  7701  7701  7701  7701  7701  7701  7701  7701  7701  7701  7704
  7702  7701  7701  7701  7701  7701  7701  7701  7701  7701  7701  7701  7701  7701  7701  7701  7701  7701  7701  7701  7701  7701  7701  7701  7701  7701  7701  7701  7701  7701  7701  7701  7701  7701  7701  7701  7701  7701  7701  7701  7701  7701  7701  7701  7701  7701  7701  7701  7701  7701  7701  7701  7701  7701  7701  7701  7701  7701  7701  7704
  7702  7701  7701  7701  7701  7701  7701  7701  7701  7701  7701  7701  7701  7701  7701  7701  7701  7701  7701  7701  7701  7701  7701  7701  7701  7701  7701  7701  7701  7701  7701  7701  7701  7701  7701  7701  7701  7701  7701  7701  7701  7701  7701  7701  7701  7701  7701  7701  7701  7701  7701  7701  7701  7701  7701  7701  7701  7701  7701  7704
  7702  7701  7701  7701  7701  7701  7701  7701  7701  7701  7701  7701  7701  7701  7701  7701  7701  7701  7701  7701  7701  7701  7701  7701  7701  7701  7701  7701  7701  7701  7701  7701  7701  7701  7701  7701  7701  7701  7701  7701  7701  7701  7701  7701  7701  7701  7701  7701  7701  7701  7701  7701  7701  7701  7701  7701  7701  7701  7701  7704
  7702  7701  7701  7701  7701  7701  7701  7701  7701  7701  7701  7701  7701  7701  7701  7701  7701  7701  7701  7701  7701  7701  7701  7701  7701  7701  7701  7701  7701  7701  7701  7701  7701  7701  7701  7701  7701  7701  7701  7701  7701  7701  7701  7701  7701  7701  7701  7701  7701  7701  7701  7701  7701  7701  7701  7701  7701  7701  7701  7704
  8802  8801  8801  8801  8801  8801  8801  8801  8801  8801  8801  8801  8801  8801  8801  8801  8801  8801  8801  8801  8801  8801  8801  8801  8801  8801  8801  8801  8801  8801  8801  8801  8801  8801  8801  8801  8801  8801  8801  8801  8801  8801  8801  8801  8801  8801  8801  8801  8801  8801  8801  8801  8801  8801  8801  8801  8801  8801  8801  8804
  8802  8801  8801  8801  8801  8801  8801  8801  8801  8801  8801  8801  8801  8801  8801  8801  8801  8801  8801  8801  8801  8801  8801  8801  8801  8801  8801  8801  8801  8801  8801  8801  8801  8801  8801  8801  8801  8801  8801  8801  8801  8801  8801  8801  8801  8801  8801  8801  8801  8801  8801  8801  8801  8801  8801  8801  8801  8801  8801  8804
  8802  8801  8801  8801  8801  8801  8801  8801  8801  8801  8801  8801  8801  8801  8801  8801  8801  8801  8801  8801  8801  8801  8801  8801  8801  8801  8801  8801  8801  8801  8801  8801  8801  8801  8801  8801  8801  8801  8801  8801  8801  8801  8801  8801  8801  8801  8801  8801  8801  8801  8801  8801  8801  8801  8801  8801  8801  8801  8801  8804
  8802  8801  8801  8801  8801  8801  8801  8801  8801  8801  8801  8801  8801  8801  8801  8801  8801  8801  8801  8801  8801  8801  8801  8801  8801  8801  8801  8801  8801  8801  8801  8801  8801  8801  8801  8801  8801  8801  8801  8801  8801  8801  8801  8801  8801  8801  8801  8801  8801  8801  8801  8801  8801  8801  8801  8801  8801  8801  8801  8804
  8802  8801  8801  8801  8801  8801  8801  8801  8801  8801  8801  8801  8801  8801  8801  8801  8801  8801  8801  8801  8801  8801  8801  8801  8801  8801  8801  8801  8801  8801  8801  8801  8801  8801  8801  8801  8801  8801  8801  8801  8801  8801  8801  8801  8801  8801  8801  8801  8801  8801  8801  8801  8801  8801  8801  8801  8801  8801  8801  8804
  8802  8801  8801  8801  8801  8801  8801  8801  8801  8801  8801  8801  8801  8801  8801  8801  8801  8801  8801  8801  8801  8801  8801  8801  8801  8801  8801  8801  8801  8801  8801  8801  8801  8801  8801  8801  8801  8801  8801  8801  8801  8801  8801  8801  8801  8801  8801  8801  8801  8801  8801  8801  8801  8801  8801  8801  8801  8801  8801  8804
  8802  8801  8801  8801  8801  8801  8801  8801  8801  8801  8801  8801  8801  8801  8801  8801  8801  8801  8801  8801  8801  8801  8801  8801  8801  8801  8801  8801  8801  8801  8801  8801  8801  8801  8801  8801  8801  8801  8801  8801  8801  8801  8801  8801  8801  8801  8801  8801  8801  8801  8801  8801  8801  8801  8801  8801  8801  8801  8801  8804
  8802  8802  8802  8802  8802  8802  8802  8802  8802  8802  8802  8802  8802  8802  8802  8802  8802  8802  8802  8802  8802  8802  8802  8802  8802  8802  8802  8802  8802  8802  8802  8802  8802  8802  8802  8802  8802  8802  8802  8802  8802  8802  8802  8802  8802  8802  8802  8802  8802  8802  8802  8802  8802  8802  8802  8802  8802  8802  8802  8802
 31114 31114 31114 31114 31114 31114 31114 31114 31114 31114 31114 31114 31114 31114 31114 31114 31114 31114 31114 31114 31114 31114 31114 31114 31114 31114 31114 31114 31114 31114 31114 31114 31114 31114 31114 31114 31114 31114 31114 31114 31114 31114 31114 31114 31114 31114 31114 31114 31114 31114 31114 31114 31114 31114 31114 31114 31114 31114 31114 31114
 31114 31114 31114 31114 31114 31114 31114 31114 31114 31114 31114 31114 31114 31114 31114 31114 31114 31114 31114 31114 31114 31114 31114 31114 31114 31114 31114 31114 31114 31114 31114 31114 31114 31114 31114 31114 31114 31114 31114 31114 31114 31114 31114 31114 31114 31114 31114 31114 31114 31114 31114 31114 31114 31114 31114 31114 31114 31114 31114 31114
 31114 31114 31114 31114 31114 31114 31114 31114 31114 31114 31114 31114 31114 31114 31114 31114 31114 31114 31114 31114 31114 31114 31114 31114 31114 31114 31114 31114 31114 31114 31114 31114 31114 31114 31114 31114 31114 31114 31114 31114 31114 31114 31114 31114 31114 31114 31114 31114 31114 31114 31114 31114 31114 31114 31114 31114 31114 31114 31114 31114
 31114 31114 31114 31114 31114 31114 31114 31114 31114 31114 31114 31114 31114 31114 31114 31114 31114 31114 31114 31114 31114 31114 31114 31114 31114 31114 31114 31114 31114 31114 31114 31114 31114 31114 31114 31114 31114 31114 31114 31114 31114 31114 31114 31114 31114 31114 31114 31114 31114 31114 31114 31114 31114 31114 31114 31114 31114 31114 31114 31114
 31114 31114 31114 31114 31114 31114 31114 31114 31114 31114 31114 31114 31114 31114 31114 31114 31114 31114 31114 31114 31114 31114 31114 31114 31114 31114 31114 31114 31114 31114 31114 31114 31114 31114 31114 31114 31114 31114 31114 31114 31114 31114 31114 31114 31114 31114 31114 31114 31114 31114 31114 31114 31114 31114 31114 31114 31114 31114 31114 31114
 31114 31114 31114 31114 31114 31114 31114 31114 31114 31114 31114 31114 31114 31114 31114 31114 31114 31114 31114 31114 31114 31114 31114 31114 31114 31114 31114 31114 31114 31114 31114 31114 31114 31114 31114 31114 31114 31114 31114 31114 31114 31114 31114 31114 31114 31114 31114 31114 31114 31114 31114 31114 31114 31114 31114 31114 31114 31114 31114 31114
 31114 31114 31114 31114 31114 31114 31114 31114 31114 31114 31114 31114 31114 31114 31114 31114 31114 31114 31114 31114 31114 31114 31114 31114 31114 31114 31114 31114 31114 31114 31114 31114 31114 31114 31114 31114 31114 31114 31114 31114 31114 31114 31114 31114 31114 31114 31114 31114 31114 31114 31114 31114 31114 31114 31114 31114 31114 31114 31114 31114
 31114 31114 31114 31114 31114 31114 31114 31114 31114 31114 31114 31114 31114 31114 31114 31114 31114 31114 31114 31114 31114 31114 31114 31114 31114 31114 31114 31114 31114 31114 31114 31114 31114 31114 31114 31114 31114 31114 31114 31114 31114 31114 31114 31114 31114 31114 31114 31114 31114 31114 31114 31114 31114 31114 31114 31114 31114 31114 31114 31114
 31114 31114 31114 31114 31114 31114 31114 31114 31114 31114 31114 31114 31114 31114 31114 31114 31114 31114 31114 31114 31114 31114 31114 31114 31114 31114 31114 31114 31114 31114 31114 31114 31114 31114 31114 31114 31114 31114 31114 31114 31114 31114 31114 31114 31114 31114 31114 31114 31114 31114 31114 31114 31114 31114 31114 31114 31114 31114 31114 31114
 31114 31114 31114 31114 31114 31114 31114 31114 31114 31114 31114 31114 31114 31114 31114 31114 31114 31114 31114 31114 31114 31114 31114 31114 31114 31114 31114 31114 31114 31114 31114 31114 31114 31114 31114 31114 31114 31114 31114 31114 31114 31114 31114 31114 31114 31114 31114 31114 31114 31114 31114 31114 31114 31114 31114 31114 31114 31114 31114 31114
 31114 31114 31114 31114 31114 31114 31114 31114 31114 31114 31114 31114 31114 31114 31114 31114 31114 31114 31114 31114 31114 31114 31114 31114 31114 31114 31114 31114 31114 31114 31114 31114 31114 31114 31114 31114 31114 31114 31114 31114 31114 31114 31114 31114 31114 31114 31114 31114 31114 31114 31114 31114 31114 31114 31114 31114 31114 31114 31114 31114
 31114 31114 31114 31114 31114 31114 31114 31114 31114 31114 31114 31114 31114 31114 31114 31114 31114 31114 31114 31114 31114 31114 31114 31114 31114 31114 31114 31114 31114 31114 31114 31114 31114 31114 31114 31114 31114 31114 31114 31114 31114 31114 31114 31114 31114 31114 31114 31114 31114 31114 31114 31114 31114 31114 31114 31114 31114 31114 31114 31114
 31114 31114 31114 31114 31114 31114 31114 31114 31114 31114 31114 31114 31114 31114 31114 31114 31114 31114 31114 31114 31114 31114 31114 31114 31114 31114 31114 31114 31114 31114 31114 31114 31114 31114 31114 31114 31114 31114 31114 31114 31114 31114 31114 31114 31114 31114 31114 31114 31114 31114 31114 31114 31114 31114 31114 31114 31114 31114 31114 31114
 31114 31114 31114 31114 31114 31114 31114 31114 31114 31114 31114 31114 31114 31114 31114 31114 31114 31114 31114 31114 31114 31114 31114 31114 31114 31114 31114 31114 31114 31114 31114 31114 31114 31114 31114 31114 31114 31114 31114 31114 31114 31114 31114 31114 31114 31114 31114 31114 31114 31114 31114 31114 31114 31114 31114 31114 31114 31114 31114 31114
 31114 31114 31114 31114 31114 31114 31114 31114 31114 31114 31114 31114 31114 31114 31114 31114 31114 31114 31114 31114 31114 31114 31114 31114 31114 31114 31114 31114 31114 31114 31114 31114 31114 31114 31114 31114 31114 31114 31114 31114 31114 31114 31114 31114 31114 31114 31114 31114 31114 31114 31114 31114 31114 31114 31114 31114 31114 31114 31114 31114
 31114 31114 31114 31114 31114 31114 31114 31114 31114 31114 31114 31114 31114 31114 31114 31114 31114 31114 31114 31114 31114 31114 31114 31114 31114 31114 31114 31114 31114 31114 31114 31114 31114 31114 31114 31114 31114 31114 31114 31114 31114 31114 31114 31114 31114 31114 31114 31114 31114 31114 31114 31114 31114 31114 31114 31114 31114 31114 31114 31114
 31114 31114 31114 31114 31114 31114 31114 31114 31114 31114 31114 31114 31114 31114 31114 31114 31114 31114 31114 31114 31114 31114 31114 31114 31114 31114 31114 31114 31114 31114 31114 31114 31114 31114 31114 31114 31114 31114 31114 31114 31114 31114 31114 31114 31114 31114 31114 31114 31114 31114 31114 31114 31114 31114 31114 31114 31114 31114 31114 31114
 31114 31114 31114 31114 31114 31114 31114 31114 31114 31114 31114 31114 31114 31114 31114 31114 31114 31114 31114 31114 31114 31114 31114 31114 31114 31114 31114 31114 31114 31114 31114 31114 31114 31114 31114 31114 31114 31114 31114 31114 31114 31114 31114 31114 31114 31114 31114 31114 31114 31114 31114 31114 31114 31114 31114 31114 31114 31114 31114 31114
 31114 31114 31114 31114 31114 31114 31114 31114 31114 31114 31114 31114 31114 31114 31114 31114 31114 31114 31114 31114 31114 31114 31114 31114 31114 31114 31114 31114 31114 31114 31114 31114 31114 31114 31114 31114 31114 31114 31114 31114 31114 31114 31114 31114 31114 31114 31114 31114 31114 31114 31114 31114 31114 31114 31114 31114 31114 31114 31114 31114
 31114 31114 31114 31114 31114 31114 31114 31114 31114 31114 31114 31114 31114 31114 31114 31114 31114 31114 31114 31114 31114 31114 31114 31114 31114 31114 31114 31114 31114 31114 31114 31114 31114 31114 31114 31114 31114 31114 31114 31114 31114 31114 31114 31114 31114 31114 31114 31114 31114 31114 31114 31114 31114 31114 31114 31114 31114 31114 31114 31114
 31114 31114 31114 31114 31114 31114 31114 31114 31114 31114 31114 31114 31114 31114 31114 31114 31114 31114 31114 31114 31114 31114 31114 31114 31114 31114 31114 31114 31114 31114 31114 31114 31114 31114 31114 31114 31114 31114 31114 31114 31114 31114 31114 31114 31114 31114 31114 31114 31114 31114 31114 31114 31114 31114 31114 31114 31114 31114 31114 31114
 31114 31114 31114 31114 31114 31114 31114 31114 31114 31114 31114 31114 31114 31114 31114 31114 31114 31114 31114 31114 31114 31114 31114 31114 31114 31114 31114 31114 31114 31114 31114 31114 31114 31114 31114 31114 31114 31114 31114 31114 31114 31114 31114 31114 31114 31114 31114 31114 31114 31114 31114 31114 31114 31114 31114 31114 31114 31114 31114 31114
 31114 31114 31114 31114 31114 31114 31114 31114 31114 31114 31114 31114 31114 31114 31114 31114 31114 31114 31114 31114 31114 31114 31114 31114 31114 31114 31114 31114 31114 31114 31114 31114 31114 31114 31114 31114 31114 31114 31114 31114 31114 31114 31114 31114 31114 31114 31114 31114 31114 31114 31114 31114 31114 31114 31114 31114 31114 31114 31114 31114
 31114 31114 31114 31114 31114 31114 31114 31114 31114 31114 31114 31114 31114 31114 31114 31114 31114 31114 31114 31114 31114 31114 31114 31114 31114 31114 31114 31114 31114 31114 31114 31114 31114 31114 31114 31114 31114 31114 31114 31114 31114 31114 31114 31114 31114 31114 31114 31114 31114 31114 31114 31114 31114 31114 31114 31114 31114 31114 31114 31114
 31114 31114 31114 31114 31114 31114 31114 31114 31114 31114 31114 31114 31114 31114 31114 31114 31114 31114 31114 31114 31114 31114 31114 31114 31114 31114 31114 31114 31114 31114 31114 31114 31114 31114 31114 31114 31114 31114 31114 31114 31114 31114 31114 31114 31114 31114 31114 31114 31114 31114 31114 31114 31114 31114 31114 31114 31114 31114 31114 31114
 31114 31114 31114 31114 31114 31114 31114 31114 31114 31114 31114 31114 31114 31114 31114 31114 31114 31114 31114 31114 31114 31114 31114 31114 31114 31114 31114 31114 31114 31114 31114 31114 31114 31114 31114 31114 31114 31114 31114 31114 31114 31114 31114 31114 31114 31114 31114 31114 31114 31114 31114 31114 31114 31114 31114 31114 31114 31114 31114 31114
 31114 31114 31114 31114 31114 31114 31114 31114 31114 31114 31114 31114 31114 31114 31114 31114 31114 31114 31114 31114 31114 31114 31114 31114 31114 31114 31114 31114 31114 31114 31114 31114 31114 31114 31114 31114 31114 31114 31114 31114 31114 31114 31114 31114 31114 31114 31114 31114 31114 31114 31114 31114 31114 31114 31114 31114 31114 31114 31114 31114
 31114 31114 31114 31114 31114 31114 31114 31114 31114 31114 31114 31114 31114 31114 31114 31114 31114 31114 31114 31114 31114 31114 31114 31114 31114 31114 31114 31114 31114 31114 31114 31114 31114 31114 31114 31114 31114 31114 31114 31114 31114 31114 31114 31114 31114 31114 31114 31114 31114 31114 31114 31114 31114 31114 31114 31114 31114 31114 31114 31114
 31114 31114 31114 31114 31114 31114 31114 31114 31114 31114 31114 31114 31114 31114 31114 31114 31114 31114 31114 31114 31114 31114 31114 31114 31114 31114 31114 31114 31114 31114 31114 31114 31114 31114 31114 31114 31114 31114 31114 31114 31114 31114 31114 31114 31114 31114 31114 31114 31114 31114 31114 31114 31114 31114 31114 31114 31114 31114 31114 31114
 31114 31114 31114 31114 31114 31114 31114 31114 31114 31114 31114 31114 31114 31114 31114 31114 31114 31114 31114 31114 31114 31114 31114 31114 31114 31114 31114 31114 31114 31114 31114 31114 31114 31114 31114 31114 31114 31114 31114 31114 31114 31114 31114 31114 31114 31114 31114 31114 31114 31114 31114 31114 31114 31114 31114 31114 31114 31114 31114 31114
 31114 31114 31114 31114 31114 31114 31114 31114 31114 31114 31114 31114 31114 31114 31114 31114 31114 31114 31114 31114 31114 31114 31114 31114 31114 31114 31114 31114 31114 31114 31114 31114 31114 31114 31114 31114 31114 31114 31114 31114 31114 31114 31114 31114 31114 31114 31114 31114 31114 31114 31114 31114 31114 31114 31114 31114 31114 31114 31114 31114
 31114 31114 31114 31114 31114 31114 31114 31114 31114 31114 31114 31114 31114 31114 31114 31114 31114 31114 31114 31114 31114 31114 31114 31114 31114 31114 31114 31114 31114 31114 31114 31114 31114 31114 31114 31114 31114 31114 31114 31114 31114 31114 31114 31114 31114 31114 31114 31114 31114 31114 31114 31114 31114 31114 31114 31114 31114 31114 31114 31114
 31114 31114 31114 31114 31114 31114 31114 31114 31114 31114 31114 31114 31114 31114 31114 31114 31114 31114 31114 31114 31114 31114 31114 31114 31114 31114 31114 31114 31114 31114 31114 31114 31114 31114 31114 31114 31114 31114 31114 31114 31114 31114 31114 31114 31114 31114 31114 31114 31114 31114 31114 31114 31114 31114 31114 31114 31114 31114 31114 31114
 31114 31114 31114 31114 31114 31114 31114 31114 31114 31114 31114 31114 31114 31114 31114 31114 31114 31114 31114 31114 31114 31114 31114 31114 31114 31114 31114 31114 31114 31114 31114 31114 31114 31114 31114 31114 31114 31114 31114 31114 31114 31114 31114 31114 31114 31114 31114 31114 31114 31114 31114 31114 31114 31114 31114 31114 31114 31114 31114 31114
 31114 31114 31114 31114 31114 31114 31114 31114 31114 31114 31114 31114 31114 31114 31114 31114 31114 31114 31114 31114 31114 31114 31114 31114 31114 31114 31114 31114 31114 31114 31114 31114 31114 31114 31114 31114 31114 31114 31114 31114 31114 31114 31114 31114 31114 31114 31114 31114 31114 31114 31114 31114 31114 31114 31114 31114 31114 31114 31114 31114
 31114 31114 31114 31114 31114 31114 31114 31114 31114 31114 31114 31114 31114 31114 31114 31114 31114 31114 31114 31114 31114 31114 31114 31114 31114 31114 31114 31114 31114 31114 31114 31114 31114 31114 31114 31114 31114 31114 31114 31114 31114 31114 31114 31114 31114 31114 31114 31114 31114 31114 31114 31114 31114 31114 31114 31114 31114 31114 31114 31114
 31114 31114 31114 31114 31114 31114 31114 31114 31114 31114 31114 31114 31114 31114 31114 31114 31114 31114 31114 31114 31114 31114 31114 31114 31114 31114 31114 31114 31114 31114 31114 31114 31114 31114 31114 31114 31114 31114 31114 31114 31114 31114 31114 31114 31114 31114 31114 31114 31114 31114 31114 31114 31114 31114 31114 31114 31114 31114 31114 31114
 31114 31114 31114 31114 31114 31114 31114 31114 31114 31114 31114 31114 31114 31114 31114 31114 31114 31114 31114 31114 31114 31114 31114 31114 31114 31114 31114 31114 31114 31114 31114 31114 31114 31114 31114 31114 31114 31114 31114 31114 31114 31114 31114 31114 31114 31114 31114 31114 31114 31114 31114 31114 31114 31114 31114 31114 31114 31114 31114 31114
 31114 31114 31114 31114 31114 31114 31114 31114 31114 31114 31114 31114 31114 31114 31114 31114 31114 31114 31114 31114 31114 31114 31114 31114 31114 31114 31114 31114 31114 31114 31114 31114 31114 31114 31114 31114 31114 31114 31114 31114 31114 31114 31114 31114 31114 31114 31114 31114 31114 31114 31114 31114 31114 31114 31114 31114 31114 31114 31114 31114
 31114 31114 31114 31114 31114 31114 31114 31114 31114 31114 31114 31114 31114 31114 31114 31114 31114 31114 31114 31114 31114 31114 31114 31114 31114 31114 31114 31114 31114 31114 31114 31114 31114 31114 31114 31114 31114 31114 31114 31114 31114 31114 31114 31114 31114 31114 31114 31114 31114 31114 31114 31114 31114 31114 31114 31114 31114 31114 31114 31114
 31114 31114 31114 31114 31114 31114 31114 31114 31114 31114 31114 31114 31114 31114 31114 31114 31114 31114 31114 31114 31114 31114 31114 31114 31114 31114 31114 31114 31114 31114 31114 31114 31114 31114 31114 31114 31114 31114 31114 31114 31114 31114 31114 31114 31114 31114 31114 31114 31114 31114 31114 31114 31114 31114 31114 31114 31114 31114 31114 31114
 31114 31114 31114 31114 31114 31114 31114 31114 31114 31114 31114 31114 31114 31114 31114 31114 31114 31114 31114 31114 31114 31114 31114 31114 31114 31114 31114 31114 31114 31114 31114 31114 31114 31114 31114 31114 31114 31114 31114 31114 31114 31114 31114 31114 31114 31114 31114 31114 31114 31114 31114 31114 31114 31114 31114 31114 31114 31114 31114 31114
 31114 31114 31114 31114 31114 31114 31114 31114 31114 31114 31114 31114 31114 31114 31114 31114 31114 31114 31114 31114 31114 31114 31114 31114 31114 31114 31114 31114 31114 31114 31114 31114 31114 31114 31114 31114 31114 31114 31114 31114 31114 31114 31114 31114 31114 31114 31114 31114 31114 31114 31114 31114 31114 31114 31114 31114 31114 31114 31114 31114
 31114 31114 31114 31114 31114 31114 31114 31114 31114 31114 31114 31114 31114 31114 31114 31114 31114 31114 31114 31114 31114 31114 31114 31114 31114 31114 31114 31114 31114 31114 31114 31114 31114 31114 31114 31114 31114 31114 31114 31114 31114 31114 31114 31114 31114 31114 31114 31114 31114 31114 31114 31114 31114 31114 31114 31114 31114 31114 31114 31114
 31114 31114 31114 31114 31114 31114 31114 31114 31114 31114 31114 31114 31114 31114 31114 31114 31114 31114 31114 31114 31114 31114 31114 31114 31114 31114 31114 31114 31114 31114 31114 31114 31114 31114 31114 31114 31114 31114 31114 31114 31114 31114 31114 31114 31114 31114 31114 31114 31114 31114 31114 31114 31114 31114 31114 31114 31114 31114 31114 31114
 31114 31114 31114 31114 31114 31114 31114 31114 31114 31114 31114 31114 31114 31114 31114 31114 31114 31114 31114 31114 31114 31114 31114 31114 31114 31114 31114 31114 31114 31114 31114 31114 31114 31114 31114 31114 31114 31114 31114 31114 31114 31114 31114 31114 31114 31114 31114 31114 31114 31114 31114 31114 31114 31114 31114 31114 31114 31114 31114 31114
 31114 31114 31114 31114 31114 31114 31114 31114 31114 31114 31114 31114 31114 31114 31114 31114 31114 31114 31114 31114 31114 31114 31114 31114 31114 31114 31114 31114 31114 31114 31114 31114 31114 31114 31114 31114 31114 31114 31114 31114 31114 31114 31114 31114 31114 31114 31114 31114 31114 31114 31114 31114 31114 31114 31114 31114 31114 31114 31114 31114
 31114 31114 31114 31114 31114 31114 31114 31114 31114 31114 31114 31114 31114 31114 31114 31114 31114 31114 31114 31114 31114 31114 31114 31114 31114 31114 31114 31114 31114 31114 31114 31114 31114 31114 31114 31114 31114 31114 31114 31114 31114 31114 31114 31114 31114 31114 31114 31114 31114 31114 31114 31114 31114 31114 31114 31114 31114 31114 31114 31114
 31114 31114 31114 31114 31114 31114 31114 31114 31114 31114 31114 31114 31114 31114 31114 31114 31114 31114 31114 31114 31114 31114 31114 31114 31114 31114 31114 31114 31114 31114 31114 31114 31114 31114 31114 31114 31114 31114 31114 31114 31114 31114 31114 31114 31114 31114 31114 31114 31114 31114 31114 31114 31114 31114 31114 31114 31114 31114 31114 31114
 31114 31114 31114 31114 31114 31114 31114 31114 31114 31114 31114 31114 31114 31114 31114 31114 31114 31114 31114 31114 31114 31114 31114 31114 31114 31114 31114 31114 31114 31114 31114 31114 31114 31114 31114 31114 31114 31114 31114 31114 31114 31114 31114 31114 31114 31114 31114 31114 31114 31114 31114 31114 31114 31114 31114 31114 31114 31114 31114 31114
 31114 31114 31114 31114 31114 31114 31114 31114 31114 31114 31114 31114 31114 31114 31114 31114 31114 31114 31114 31114 31114 31114 31114 31114 31114 31114 31114 31114 31114 31114 31114 31114 31114 31114 31114 31114 31114 31114 31114 31114 31114 31114 31114 31114 31114 31114 31114 31114 31114 31114 31114 31114 31114 31114 31114 31114 31114 31114 31114 31114
 31114 31114 31114 31114 31114 31114 31114 31114 31114 31114 31114 31114 31114 31114 31114 31114 31114 31114 31114 31114 31114 31114 31114 31114 31114 31114 31114 31114 31114 31114 31114 31114 31114 31114 31114 31114 31114 31114 31114 31114 31114 31114 31114 31114 31114 31114 31114 31114 31114 31114 31114 31114 31114 31114 31114 31114 31114 31114 31114 31114
 31114 31114 31114 31114 31114 31114 31114 31114 31114 31114 31114 31114 31114 31114 31114 31114 31114 31114 31114 31114 31114 31114 31114 31114 31114 31114 31114 31114 31114 31114 31114 31114 31114 31114 31114 31114 31114 31114 31114 31114 31114 31114 31114 31114 31114 31114 31114 31114 31114 31114 31114 31114 31114 31114 31114 31114 31114 31114 31114 31114
 31114 31114 31114 31114 31114 31114 31114 31114 31114 31114 31114 31114 31114 31114 31114 31114 31114 31114 31114 31114 31114 31114 31114 31114 31114 31114 31114 31114 31114 31114 31114 31114 31114 31114 31114 31114 31114 31114 31114 31114 31114 31114 31114 31114 31114 31114 31114 31114 31114 31114 31114 31114 31114 31114 31114 31114 31114 31114 31114 31114
 31114 31114 31114 31114 31114 31114 31114 31114 31114 31114 31114 31114 31114 31114 31114 31114 31114 31114 31114 31114 31114 31114 31114 31114 31114 31114 31114 31114 31114 31114 31114 31114 31114 31114 31114 31114 31114 31114 31114 31114 31114 31114 31114 31114 31114 31114 31114 31114 31114 31114 31114 31114 31114 31114 31114 31114 31114 31114 31114 31114
 31114 31114 31114 31114 31114 31114 31114 31114 31114 31114 31114 31114 31114 31114 31114 31114 31114 31114 31114 31114 31114 31114 31114 31114 31114 31114 31114 31114 31114 31114 31114 31114 31114 31114 31114 31114 31114 31114 31114 31114 31114 31114 31114 31114 31114 31114 31114 31114 31114 31114 31114 31114 31114 31114 31114 31114 31114 31114 31114 31114
 31114 31114 31114 31114 31114 31114 31114 31114 31114 31114 31114 31114 31114 31114 31114 31114 31114 31114 31114 31114 31114 31114 31114 31114 31114 31114 31114 31114 31114 31114 31114 31114 31114 31114 31114 31114 31114 31114 31114 31114 31114 31114 31114 31114 31114 31114 31114 31114 31114 31114 31114 31114 31114 31114 31114 31114 31114 31114 31114 31114
 31114 31114 31114 31114 31114 31114 31114 31114 31114 31114 31114 31114 31114 31114 31114 31114 31114 31114 31114 31114 31114 31114 31114 31114 31114 31114 31114 31114 31114 31114 31114 31114 31114 31114 31114 31114 31114 31114 31114 31114 31114 31114 31114 31114 31114 31114 31114 31114 31114 31114 31114 31114 31114 31114 31114 31114 31114 31114 31114 31114
 31114 31114 31114 31114 31114 31114 31114 31114 31114 31114 31114 31114 31114 31114 31114 31114 31114 31114 31114 31114 31114 31114 31114 31114 31114 31114 31114 31114 31114 31114 31114 31114 31114 31114 31114 31114 31114 31114 31114 31114 31114 31114 31114 31114 31114 31114 31114 31114 31114 31114 31114 31114 31114 31114 31114 31114 31114 31114 31114 31114
 31114 31114 31114 31114 31114 31114 31114 31114 31114 31114 31114 31114 31114 31114 31114 31114 31114 31114 31114 31114 31114 31114 31114 31114 31114 31114 31114 31114 31114 31114 31114 31114 31114 31114 31114 31114 31114 31114 31114 31114 31114 31114 31114 31114 31114 31114 31114 31114 31114 31114 31114 31114 31114 31114 31114 31114 31114 31114 31114 31114
   2000.00   2000.00   2000.00   2000.00   2000.00   2000.00   2000.00   2000.00   2000.00   2000.00   2000.00   2000.00   2000.00   2000.00   2000.00   2000.00   2000.00   2000.00   2000.00   2000.00   2000.00   2000.00   2000.00   2000.00   2000.00   2000.00   2000.00   2000.00   2000.00   2000.00   2000.00   2000.00   2000.00   2000.00   2000.00   2000.00   2000.00   2000.00   2000.00   2000.00   2000.00   2000.00   2000.00   2000.00   2000.00   2000.00   2000.00   2000.00   2000.00   2000.00
   2000.00   2000.00   2000.00   2000.00   2000.00   2000.00   2000.00   2000.00   2000.00   2000.00
   2000.00   2000.00   2000.00   2000.00   2000.00   2000.00   2000.00   2000.00   2000.00   2000.00   2000.00   2000.00   2000.00   2000.00   2000.00   2000.00   2000.00   2000.00   2000.00   2000.00   2000.00   2000.00   2000.00   2000.00   2000.00   2000.00   2000.00   2000.00   2000.00   2000.00   2000.00   2000.00   2000.00   2000.00   2000.00   2000.00   2000.00   2000.00   2000.00   2000.00   2000.00   2000.00   2000.00   2000.00   2000.00   2000.00   2000.00   2000.00   2000.00   2000.00
   2000.00   2000.00   2000.00   2000.00   2000.00   2000.00   2000.00   2000.00   2000.00   2000.00
   .10       .10E-01   .10E-01   .10E-01   .10E-01   .10E-01   .10E-01   .10E-01
   1.8       2.5       2.4       2.5       2.6       2.7       2.8       2.9    
   .12E+04   .12E+04   .12E+04   .12E+04   .12E+04   .12E+04   .12E+04   .12E+04
   .12E+04   .12E+04   .12E+04   .12E+04   .12E+04   .12E+04   .12E+04   .12E+04
   .00       .00       .00       .00       .00       .00       .00       .00    
   .25E-01   .25E-01   .25E-01   .25E-01   .25E-01   .25E-01   .25E-01   .25E-01
